/Users/ykksfa/Keio_Univ_SFC/CCLab-XMusic/playlist/Better When We're Lonely Together (Funbite Mashup).wav,1.wav
/Users/ykksfa/Keio_Univ_SFC/CCLab-XMusic/playlist/03 When We Were Young (feat. The Chain Gang of 1974).wav,2.wav
/Users/ykksfa/Keio_Univ_SFC/CCLab-XMusic/playlist/More Than You Know - Firebeatz Remix.wav,3.wav
/Users/ykksfa/Keio_Univ_SFC/CCLab-XMusic/playlist/Losing Control (Extended Mix).wav,4.wav
/Users/ykksfa/Keio_Univ_SFC/CCLab-XMusic/playlist/01 Love_s Gonna Get You (Extended Mix).wav,5.wav
/Users/ykksfa/Keio_Univ_SFC/CCLab-XMusic/playlist/Summer Love (Intro).wav,6.wav
/Users/ykksfa/Keio_Univ_SFC/CCLab-XMusic/playlist/Up & Down (Yuga Extended Edit).wav,7.wav
/Users/ykksfa/Keio_Univ_SFC/CCLab-XMusic/playlist/Chase The Sun.wav,8.wav
/Users/ykksfa/Keio_Univ_SFC/CCLab-XMusic/playlist/The Right Song.wav,9.wav
/Users/ykksfa/Keio_Univ_SFC/CCLab-XMusic/playlist/Keanu Reeves (Intro - Dirty).wav,10.wav
/Users/ykksfa/Keio_Univ_SFC/CCLab-XMusic/playlist/Lucky You (Intro - Dirty).wav,11.wav
/Users/ykksfa/Keio_Univ_SFC/CCLab-XMusic/playlist/Speechless - Sini Remix.wav,12.wav
/Users/ykksfa/Keio_Univ_SFC/CCLab-XMusic/playlist/Bones - Galantis & shndo VIP Mix.wav,13.wav
/Users/ykksfa/Keio_Univ_SFC/CCLab-XMusic/playlist/Wake Me Up (Avicii's Tomorrowland Yuga Edit).wav,14.wav
/Users/ykksfa/Keio_Univ_SFC/CCLab-XMusic/playlist/Shape Of Here We Go (Day Kingsley & Amyntas Mashup).wav,15.wav
/Users/ykksfa/Keio_Univ_SFC/CCLab-XMusic/playlist/Dreamer - Matisse & Sadko Remix.wav,16.wav
/Users/ykksfa/Keio_Univ_SFC/CCLab-XMusic/playlist/SLVR.wav,17.wav
/Users/ykksfa/Keio_Univ_SFC/CCLab-XMusic/playlist/Carry On - Nicky Romero Remix.wav,18.wav
/Users/ykksfa/Keio_Univ_SFC/CCLab-XMusic/playlist/Ups & Downs.wav,19.wav
/Users/ykksfa/Keio_Univ_SFC/CCLab-XMusic/playlist/Shallow - Keepin It Heale Remix.wav,20.wav
/Users/ykksfa/Keio_Univ_SFC/CCLab-XMusic/playlist/Don't Give Up On Me.wav,21.wav
/Users/ykksfa/Keio_Univ_SFC/CCLab-XMusic/playlist/Jocelyn Flores (Dirty).wav,22.wav
/Users/ykksfa/Keio_Univ_SFC/CCLab-XMusic/playlist/01 Meant To Be (feat. Krista Marina) [RetroVision Remix].wav,23.wav
/Users/ykksfa/Keio_Univ_SFC/CCLab-XMusic/playlist/01 Let's Go vs. Wake Me Up (WeDamnz Mashup).wav,24.wav
/Users/ykksfa/Keio_Univ_SFC/CCLab-XMusic/playlist/14 Burn Out.wav,25.wav
/Users/ykksfa/Keio_Univ_SFC/CCLab-XMusic/playlist/05 Lighthouse (Radio Edit).wav,26.wav
/Users/ykksfa/Keio_Univ_SFC/CCLab-XMusic/playlist/Gucci Gang (Intro - Dirty).wav,27.wav
/Users/ykksfa/Keio_Univ_SFC/CCLab-XMusic/playlist/All We Know - Oliver Heldens Remix.wav,28.wav
/Users/ykksfa/Keio_Univ_SFC/CCLab-XMusic/playlist/02 Belong(Extended Mix) 1.wav,29.wav
/Users/ykksfa/Keio_Univ_SFC/CCLab-XMusic/playlist/16 World Can Wait (VIP Mix).wav,30.wav
/Users/ykksfa/Keio_Univ_SFC/CCLab-XMusic/playlist/Heaven (Original Mix).wav,31.wav
/Users/ykksfa/Keio_Univ_SFC/CCLab-XMusic/playlist/02 Masterdam (Extended Mix).wav,32.wav
/Users/ykksfa/Keio_Univ_SFC/CCLab-XMusic/playlist/Happy Now - Kahikko Remix.wav,33.wav
/Users/ykksfa/Keio_Univ_SFC/CCLab-XMusic/playlist/So Happy.wav,34.wav
/Users/ykksfa/Keio_Univ_SFC/CCLab-XMusic/playlist/Runaway (U&I) (Raiden Remix).wav,35.wav
/Users/ykksfa/Keio_Univ_SFC/CCLab-XMusic/playlist/02 The Beat (Extended Mix).wav,36.wav
/Users/ykksfa/Keio_Univ_SFC/CCLab-XMusic/playlist/Kills You Slowly - MOTi Remix (Dirty).wav,37.wav
/Users/ykksfa/Keio_Univ_SFC/CCLab-XMusic/playlist/01 All This Time.wav,38.wav
/Users/ykksfa/Keio_Univ_SFC/CCLab-XMusic/playlist/Cut Dat Check (Intro - Dirty).wav,39.wav
/Users/ykksfa/Keio_Univ_SFC/CCLab-XMusic/playlist/The Weekend (Intro - Dirty).wav,40.wav
/Users/ykksfa/Keio_Univ_SFC/CCLab-XMusic/playlist/01 Back In Time (Extended Version).wav,41.wav
/Users/ykksfa/Keio_Univ_SFC/CCLab-XMusic/playlist/Wow. (Intro - Dirty).wav,42.wav
/Users/ykksfa/Keio_Univ_SFC/CCLab-XMusic/playlist/01 Take Me Away (Extended Version).wav,43.wav
/Users/ykksfa/Keio_Univ_SFC/CCLab-XMusic/playlist/Icy (Dirty).wav,44.wav
/Users/ykksfa/Keio_Univ_SFC/CCLab-XMusic/playlist/01 Sun Is Shining.wav,45.wav
/Users/ykksfa/Keio_Univ_SFC/CCLab-XMusic/playlist/Find You (Intro).wav,46.wav
/Users/ykksfa/Keio_Univ_SFC/CCLab-XMusic/playlist/Dancing Alone - Club Mix.wav,47.wav
/Users/ykksfa/Keio_Univ_SFC/CCLab-XMusic/playlist/Love No More - Fedde Le Grand Remix.wav,48.wav
/Users/ykksfa/Keio_Univ_SFC/CCLab-XMusic/playlist/1-02 Wait Another Day (Extended Mix).wav,49.wav
/Users/ykksfa/Keio_Univ_SFC/CCLab-XMusic/playlist/01 Creatures Of The Night (Madison Mars Remix).wav,50.wav
/Users/ykksfa/Keio_Univ_SFC/CCLab-XMusic/playlist/Boomerang Reload (Funbite Mashup).wav,51.wav
/Users/ykksfa/Keio_Univ_SFC/CCLab-XMusic/playlist/01 Roses & Money (3LAU Mashup).wav,52.wav
/Users/ykksfa/Keio_Univ_SFC/CCLab-XMusic/playlist/01 Give 'n' Take (Syn Cole Remix).wav,53.wav
/Users/ykksfa/Keio_Univ_SFC/CCLab-XMusic/playlist/Summer Air.wav,54.wav
/Users/ykksfa/Keio_Univ_SFC/CCLab-XMusic/playlist/Hate Me.wav,55.wav
/Users/ykksfa/Keio_Univ_SFC/CCLab-XMusic/playlist/01 So Fat (Extended Version).wav,56.wav
/Users/ykksfa/Keio_Univ_SFC/CCLab-XMusic/playlist/01 Clouds (Extended Mix).wav,57.wav
/Users/ykksfa/Keio_Univ_SFC/CCLab-XMusic/playlist/01 All My Friends (Hibell Remix) (Clean).wav,58.wav
/Users/ykksfa/Keio_Univ_SFC/CCLab-XMusic/playlist/Hello Friday (Intro).wav,59.wav
/Users/ykksfa/Keio_Univ_SFC/CCLab-XMusic/playlist/Bad Habits (Intro - Dirty).wav,60.wav
/Users/ykksfa/Keio_Univ_SFC/CCLab-XMusic/playlist/Find You (Extended Mix).wav,61.wav
/Users/ykksfa/Keio_Univ_SFC/CCLab-XMusic/playlist/01 I'm on My Way.wav,62.wav
/Users/ykksfa/Keio_Univ_SFC/CCLab-XMusic/playlist/01 Blow (Extended Mix).wav,63.wav
/Users/ykksfa/Keio_Univ_SFC/CCLab-XMusic/playlist/679 (Remy Boyz) (Intro - Dirty).wav,64.wav
/Users/ykksfa/Keio_Univ_SFC/CCLab-XMusic/playlist/Ladders (Dirty).wav,65.wav
/Users/ykksfa/Keio_Univ_SFC/CCLab-XMusic/playlist/05 Colors.wav,66.wav
/Users/ykksfa/Keio_Univ_SFC/CCLab-XMusic/playlist/How Long - Kahikko Remix.wav,67.wav
/Users/ykksfa/Keio_Univ_SFC/CCLab-XMusic/playlist/Wanted.wav,68.wav
/Users/ykksfa/Keio_Univ_SFC/CCLab-XMusic/playlist/01 Just One Last Time feat. Taped Rai (Hard Rock Sofa Big Room Mix).wav,69.wav
/Users/ykksfa/Keio_Univ_SFC/CCLab-XMusic/playlist/Spinning Lights (Extended Mix).wav,70.wav
/Users/ykksfa/Keio_Univ_SFC/CCLab-XMusic/playlist/Puzzle.wav,71.wav
/Users/ykksfa/Keio_Univ_SFC/CCLab-XMusic/playlist/Untouchable - DJcity Club Edit.wav,72.wav
/Users/ykksfa/Keio_Univ_SFC/CCLab-XMusic/playlist/02 Wanderlust (Extended Mix).wav,73.wav
/Users/ykksfa/Keio_Univ_SFC/CCLab-XMusic/playlist/Psycho (Intro - Dirty).wav,74.wav
/Users/ykksfa/Keio_Univ_SFC/CCLab-XMusic/playlist/Don't Kill My High (Dirty).wav,75.wav
/Users/ykksfa/Keio_Univ_SFC/CCLab-XMusic/playlist/Cereal Killer Is Ready Or Not (BKID Mashup).wav,76.wav
/Users/ykksfa/Keio_Univ_SFC/CCLab-XMusic/playlist/Freaks (Intro - Clean).wav,77.wav
/Users/ykksfa/Keio_Univ_SFC/CCLab-XMusic/playlist/Praise The Lord (Da Shine) (Intro - Dirty).wav,78.wav
/Users/ykksfa/Keio_Univ_SFC/CCLab-XMusic/playlist/We'll Be Coming Back.wav,79.wav
/Users/ykksfa/Keio_Univ_SFC/CCLab-XMusic/playlist/Sober (Dirty).wav,80.wav
/Users/ykksfa/Keio_Univ_SFC/CCLab-XMusic/playlist/Free Up (Intro - Dirty).wav,81.wav
/Users/ykksfa/Keio_Univ_SFC/CCLab-XMusic/playlist/Sunflower (Intro).wav,82.wav
/Users/ykksfa/Keio_Univ_SFC/CCLab-XMusic/playlist/Coming Home (Extended Mix).wav,83.wav
/Users/ykksfa/Keio_Univ_SFC/CCLab-XMusic/playlist/Heaven vs. All Night Long (Ryo Extended Mashup).wav,84.wav
/Users/ykksfa/Keio_Univ_SFC/CCLab-XMusic/playlist/Rise × Speechless (Lucas & Steve Remix) [Osushi-Tabezou Mashup].wav,85.wav
/Users/ykksfa/Keio_Univ_SFC/CCLab-XMusic/playlist/The Half (Intro - Dirty).wav,86.wav
/Users/ykksfa/Keio_Univ_SFC/CCLab-XMusic/playlist/Undecided (Intro - Dirty).wav,87.wav
/Users/ykksfa/Keio_Univ_SFC/CCLab-XMusic/playlist/Wish Wish (Dirty).wav,88.wav
/Users/ykksfa/Keio_Univ_SFC/CCLab-XMusic/playlist/Number One - Jordan Crisp Hype Edit.wav,89.wav
/Users/ykksfa/Keio_Univ_SFC/CCLab-XMusic/playlist/2-03 In My Mind (Axwell Remix).wav,90.wav
/Users/ykksfa/Keio_Univ_SFC/CCLab-XMusic/playlist/01 Whats My Name (Intro Outro) (Clean).wav,91.wav
/Users/ykksfa/Keio_Univ_SFC/CCLab-XMusic/playlist/2019 FLEXIN Speechless (Yuga vs. Osushi-Tabezo Mashup).wav,92.wav
/Users/ykksfa/Keio_Univ_SFC/CCLab-XMusic/playlist/Yikes (Intro - Dirty).wav,93.wav
/Users/ykksfa/Keio_Univ_SFC/CCLab-XMusic/playlist/15 EXILE PRIDE ~こんな世界を愛するため~ -Nicky Romero Remix-.wav,94.wav
/Users/ykksfa/Keio_Univ_SFC/CCLab-XMusic/playlist/01 Who Do You Love Heaven (Trademark Mashup).wav,95.wav
/Users/ykksfa/Keio_Univ_SFC/CCLab-XMusic/playlist/02 Say Something (Extended Club Mix).wav,96.wav
/Users/ykksfa/Keio_Univ_SFC/CCLab-XMusic/playlist/Move (Time To Get Loose) - Joe Stone Remix.wav,97.wav
/Users/ykksfa/Keio_Univ_SFC/CCLab-XMusic/playlist/Bubble.wav,98.wav
/Users/ykksfa/Keio_Univ_SFC/CCLab-XMusic/playlist/Tonite (Dirty).wav,99.wav
/Users/ykksfa/Keio_Univ_SFC/CCLab-XMusic/playlist/01 September.wav,100.wav
/Users/ykksfa/Keio_Univ_SFC/CCLab-XMusic/playlist/Something New (Intro).wav,101.wav
/Users/ykksfa/Keio_Univ_SFC/CCLab-XMusic/playlist/Love You Forever.wav,102.wav
/Users/ykksfa/Keio_Univ_SFC/CCLab-XMusic/playlist/The Middle (Chachi & Dstar Remix) Radio.wav,103.wav
/Users/ykksfa/Keio_Univ_SFC/CCLab-XMusic/playlist/Worth It - 100.wav,104.wav
/Users/ykksfa/Keio_Univ_SFC/CCLab-XMusic/playlist/Heart Of Mine (Extended Mix).wav,105.wav
/Users/ykksfa/Keio_Univ_SFC/CCLab-XMusic/playlist/Need A Stack (Intro - Dirty).wav,106.wav
/Users/ykksfa/Keio_Univ_SFC/CCLab-XMusic/playlist/Old Town Road (Intro - Dirty).wav,107.wav
/Users/ykksfa/Keio_Univ_SFC/CCLab-XMusic/playlist/Collide (Extended).wav,108.wav
/Users/ykksfa/Keio_Univ_SFC/CCLab-XMusic/playlist/01 The Spectre 1.wav,109.wav
/Users/ykksfa/Keio_Univ_SFC/CCLab-XMusic/playlist/Le Freak - Oliver Heldens Remix.wav,110.wav
/Users/ykksfa/Keio_Univ_SFC/CCLab-XMusic/playlist/01 Everything Changes (feat. Chris Crone) 1.wav,111.wav
/Users/ykksfa/Keio_Univ_SFC/CCLab-XMusic/playlist/Levels (Original Mix).wav,112.wav
/Users/ykksfa/Keio_Univ_SFC/CCLab-XMusic/playlist/Waiting For Love.wav,113.wav
/Users/ykksfa/Keio_Univ_SFC/CCLab-XMusic/playlist/18 Payphone [Cutmore Remix].wav,114.wav
/Users/ykksfa/Keio_Univ_SFC/CCLab-XMusic/playlist/The Nights (Intro).wav,115.wav
/Users/ykksfa/Keio_Univ_SFC/CCLab-XMusic/playlist/03 Winnebago (feat. Quinn XCII & Daniel Wilson) [Dropgun Remix] 1.wav,116.wav
/Users/ykksfa/Keio_Univ_SFC/CCLab-XMusic/playlist/New Shapes (Dirty).wav,117.wav
/Users/ykksfa/Keio_Univ_SFC/CCLab-XMusic/playlist/Come Down (Intro).wav,118.wav
/Users/ykksfa/Keio_Univ_SFC/CCLab-XMusic/playlist/Please Me (Dirty).wav,119.wav
/Users/ykksfa/Keio_Univ_SFC/CCLab-XMusic/playlist/Like I Do.wav,120.wav
/Users/ykksfa/Keio_Univ_SFC/CCLab-XMusic/playlist/Government Official (Dirty).wav,121.wav
/Users/ykksfa/Keio_Univ_SFC/CCLab-XMusic/playlist/Need U Everytime (Funbite Mashup).wav,122.wav
/Users/ykksfa/Keio_Univ_SFC/CCLab-XMusic/playlist/Faceshot (Dirty).wav,123.wav
/Users/ykksfa/Keio_Univ_SFC/CCLab-XMusic/playlist/Thing For You - David Guetta Remix (Dirty).wav,124.wav
/Users/ykksfa/Keio_Univ_SFC/CCLab-XMusic/playlist/Cutting Momentum (Zeus & Zyla Edit x Yuga Mashup).wav,125.wav
/Users/ykksfa/Keio_Univ_SFC/CCLab-XMusic/playlist/01 Real Love (feat. Kyle Reynolds).wav,126.wav
/Users/ykksfa/Keio_Univ_SFC/CCLab-XMusic/playlist/F&N (Dirty).wav,127.wav
/Users/ykksfa/Keio_Univ_SFC/CCLab-XMusic/playlist/Make Believe (Dirty).wav,128.wav
/Users/ykksfa/Keio_Univ_SFC/CCLab-XMusic/playlist/No Sleep - Kees Sjansen Remix.wav,129.wav
/Users/ykksfa/Keio_Univ_SFC/CCLab-XMusic/playlist/Bones - Steff Da Campo Remix.wav,130.wav
/Users/ykksfa/Keio_Univ_SFC/CCLab-XMusic/playlist/Don't You Worry Child - Rick Wonder Heaven To Me Bootleg.wav,131.wav
/Users/ykksfa/Keio_Univ_SFC/CCLab-XMusic/playlist/02 Belong To the Rhythm (feat. Michael Meaco) [Don Diablo Edit].wav,132.wav
/Users/ykksfa/Keio_Univ_SFC/CCLab-XMusic/playlist/Happier - Kahikko Remix.wav,133.wav
/Users/ykksfa/Keio_Univ_SFC/CCLab-XMusic/playlist/Colors (HAPOLY X Max Hurrell Remix).wav,134.wav
/Users/ykksfa/Keio_Univ_SFC/CCLab-XMusic/playlist/Trumpets.wav,135.wav
/Users/ykksfa/Keio_Univ_SFC/CCLab-XMusic/playlist/01 Roll 'N Rock (Extended Version).wav,136.wav
/Users/ykksfa/Keio_Univ_SFC/CCLab-XMusic/playlist/20 Miami 2 Ibiza.wav,137.wav
/Users/ykksfa/Keio_Univ_SFC/CCLab-XMusic/playlist/Get Up.wav,138.wav
/Users/ykksfa/Keio_Univ_SFC/CCLab-XMusic/playlist/11 Fellow Feeling.wav,139.wav
/Users/ykksfa/Keio_Univ_SFC/CCLab-XMusic/playlist/01 September (Remix).wav,140.wav
/Users/ykksfa/Keio_Univ_SFC/CCLab-XMusic/playlist/Danger (Dirty).wav,141.wav
/Users/ykksfa/Keio_Univ_SFC/CCLab-XMusic/playlist/Something Just Like This - Ron Reeser Remix.wav,142.wav
/Users/ykksfa/Keio_Univ_SFC/CCLab-XMusic/playlist/Back To Life.wav,143.wav
/Users/ykksfa/Keio_Univ_SFC/CCLab-XMusic/playlist/01 The Right Time 1.wav,144.wav
/Users/ykksfa/Keio_Univ_SFC/CCLab-XMusic/playlist/Sugar - Anthem Kingz Remix.wav,145.wav
/Users/ykksfa/Keio_Univ_SFC/CCLab-XMusic/playlist/Cool Girl (Intro - Dirty).wav,146.wav
/Users/ykksfa/Keio_Univ_SFC/CCLab-XMusic/playlist/PROGRESSO.wav,147.wav
/Users/ykksfa/Keio_Univ_SFC/CCLab-XMusic/playlist/01 Sweet But Psycho vs. Speechless (WeDamnz Mashup).wav,148.wav
/Users/ykksfa/Keio_Univ_SFC/CCLab-XMusic/playlist/S.O.S. - Laidback Luke Remix (Dirty).wav,149.wav
/Users/ykksfa/Keio_Univ_SFC/CCLab-XMusic/playlist/10 Sexy Love.wav,150.wav
/Users/ykksfa/Keio_Univ_SFC/CCLab-XMusic/playlist/14 Shot By My Own Gun (Holl & Rush Extended Remix).wav,151.wav
/Users/ykksfa/Keio_Univ_SFC/CCLab-XMusic/playlist/One Night (Intro).wav,152.wav
/Users/ykksfa/Keio_Univ_SFC/CCLab-XMusic/playlist/GRoCERIES (Dirty).wav,153.wav
/Users/ykksfa/Keio_Univ_SFC/CCLab-XMusic/playlist/House.wav,154.wav
/Users/ykksfa/Keio_Univ_SFC/CCLab-XMusic/playlist/Playboy Style (Hook First - Dirty).wav,155.wav
/Users/ykksfa/Keio_Univ_SFC/CCLab-XMusic/playlist/Confessions Of A Dangerous Mind (Dirty).wav,156.wav
/Users/ykksfa/Keio_Univ_SFC/CCLab-XMusic/playlist/Signs - Throttle & Niko The Kid Remix (Clean).wav,157.wav
/Users/ykksfa/Keio_Univ_SFC/CCLab-XMusic/playlist/01 Inside My Head (Voices) (Extended Version).wav,158.wav
/Users/ykksfa/Keio_Univ_SFC/CCLab-XMusic/playlist/Nobody vs. Habits (Stay High) (WeDamnz Mashup).wav,159.wav
/Users/ykksfa/Keio_Univ_SFC/CCLab-XMusic/playlist/One Kiss - Anthem Kingz vs R3hab Reload Bootleg.wav,160.wav
/Users/ykksfa/Keio_Univ_SFC/CCLab-XMusic/playlist/Ready For The Weekend - Don Diablo Remix.wav,161.wav
/Users/ykksfa/Keio_Univ_SFC/CCLab-XMusic/playlist/01 Dance Monkey vs. Movement (WeDamnz Mashup).wav,162.wav
/Users/ykksfa/Keio_Univ_SFC/CCLab-XMusic/playlist/Be Like Me (Intro - Dirty).wav,163.wav
/Users/ykksfa/Keio_Univ_SFC/CCLab-XMusic/playlist/01 Bouncybob (feat. Justin Mylo & Mesto).wav,164.wav
/Users/ykksfa/Keio_Univ_SFC/CCLab-XMusic/playlist/There For You (Tom Westy Remix).wav,165.wav
/Users/ykksfa/Keio_Univ_SFC/CCLab-XMusic/playlist/We Found Love - NASA Edit.wav,166.wav
/Users/ykksfa/Keio_Univ_SFC/CCLab-XMusic/playlist/No Lie (Intro).wav,167.wav
/Users/ykksfa/Keio_Univ_SFC/CCLab-XMusic/playlist/Light It Up (Intro - Dirty).wav,168.wav
/Users/ykksfa/Keio_Univ_SFC/CCLab-XMusic/playlist/Juicy Booty (Intro - Dirty).wav,169.wav
/Users/ykksfa/Keio_Univ_SFC/CCLab-XMusic/playlist/Just One Last Time.wav,170.wav
/Users/ykksfa/Keio_Univ_SFC/CCLab-XMusic/playlist/Hold It Down Like A G6 (Chase Miles Mashup).wav,171.wav
/Users/ykksfa/Keio_Univ_SFC/CCLab-XMusic/playlist/Let Me Love You - VIP Mix.wav,172.wav
/Users/ykksfa/Keio_Univ_SFC/CCLab-XMusic/playlist/All My Love - Sagan Remix.wav,173.wav
/Users/ykksfa/Keio_Univ_SFC/CCLab-XMusic/playlist/Save Me Tonight.wav,174.wav
/Users/ykksfa/Keio_Univ_SFC/CCLab-XMusic/playlist/Bubble Wolves (Yuga Mashup).wav,175.wav
/Users/ykksfa/Keio_Univ_SFC/CCLab-XMusic/playlist/Sweet Dreams (feat. Kaleena Zanders) [Extended Mix].wav,176.wav
/Users/ykksfa/Keio_Univ_SFC/CCLab-XMusic/playlist/Juicy Booty (Dirty).wav,177.wav
/Users/ykksfa/Keio_Univ_SFC/CCLab-XMusic/playlist/Be Right Here - Mesto Remix.wav,178.wav
/Users/ykksfa/Keio_Univ_SFC/CCLab-XMusic/playlist/Mama - Kahikko Remix.wav,179.wav
/Users/ykksfa/Keio_Univ_SFC/CCLab-XMusic/playlist/03 So Sick.wav,180.wav
/Users/ykksfa/Keio_Univ_SFC/CCLab-XMusic/playlist/All I Wanna Do (Extended Mix).wav,181.wav
/Users/ykksfa/Keio_Univ_SFC/CCLab-XMusic/playlist/Let Me Love You (Until You Learn To Love Yourself) - NASA Edit.wav,182.wav
/Users/ykksfa/Keio_Univ_SFC/CCLab-XMusic/playlist/13 I Want You To Know [Fox Stevenson Remix].wav,183.wav
/Users/ykksfa/Keio_Univ_SFC/CCLab-XMusic/playlist/Highlights (Intro - Dirty).wav,184.wav
/Users/ykksfa/Keio_Univ_SFC/CCLab-XMusic/playlist/Enzo - Marquee Remix (Intro - Dirty).wav,185.wav
/Users/ykksfa/Keio_Univ_SFC/CCLab-XMusic/playlist/See You Again vs. House (Yuga Mashup).wav,186.wav
/Users/ykksfa/Keio_Univ_SFC/CCLab-XMusic/playlist/Stop (Yuga Extended Mix).wav,187.wav
/Users/ykksfa/Keio_Univ_SFC/CCLab-XMusic/playlist/Super Crip (Intro - Dirty).wav,188.wav
/Users/ykksfa/Keio_Univ_SFC/CCLab-XMusic/playlist/Wolves - Antonio Rane Remix.wav,189.wav
/Users/ykksfa/Keio_Univ_SFC/CCLab-XMusic/playlist/Back 2 U.wav,190.wav
/Users/ykksfa/Keio_Univ_SFC/CCLab-XMusic/playlist/Bass (Hold On).wav,191.wav
/Users/ykksfa/Keio_Univ_SFC/CCLab-XMusic/playlist/Give Me Everything - Anthem Kingz Like I Do Bootleg.wav,192.wav
/Users/ykksfa/Keio_Univ_SFC/CCLab-XMusic/playlist/01 Falling.wav,193.wav
/Users/ykksfa/Keio_Univ_SFC/CCLab-XMusic/playlist/Big Love To The Bass.wav,194.wav
/Users/ykksfa/Keio_Univ_SFC/CCLab-XMusic/playlist/Midnight Sun.wav,195.wav
/Users/ykksfa/Keio_Univ_SFC/CCLab-XMusic/playlist/Work It (Intro).wav,196.wav
/Users/ykksfa/Keio_Univ_SFC/CCLab-XMusic/playlist/Wonder Years (feat. Adam Mclniss) [Extended Mix].wav,197.wav
/Users/ykksfa/Keio_Univ_SFC/CCLab-XMusic/playlist/Masterdam Heroes (Yuga Mashup).wav,198.wav
/Users/ykksfa/Keio_Univ_SFC/CCLab-XMusic/playlist/This Is America (Intro - Dirty).wav,199.wav
/Users/ykksfa/Keio_Univ_SFC/CCLab-XMusic/playlist/Tip Toes (Dirty).wav,200.wav
/Users/ykksfa/Keio_Univ_SFC/CCLab-XMusic/playlist/If I Lose Young & Beautiful (Neitronic Mashup).wav,201.wav
/Users/ykksfa/Keio_Univ_SFC/CCLab-XMusic/playlist/Die Hikari Young (JLENS Edit).wav,202.wav
/Users/ykksfa/Keio_Univ_SFC/CCLab-XMusic/playlist/Don't Tell Me (Dirty).wav,203.wav
/Users/ykksfa/Keio_Univ_SFC/CCLab-XMusic/playlist/Cake (Intro).wav,204.wav
/Users/ykksfa/Keio_Univ_SFC/CCLab-XMusic/playlist/Fine China (Dirty).wav,205.wav
/Users/ykksfa/Keio_Univ_SFC/CCLab-XMusic/playlist/Promises - Joe Maz Milky Way Bootleg.wav,206.wav
/Users/ykksfa/Keio_Univ_SFC/CCLab-XMusic/playlist/Enzo (Intro - Dirty).wav,207.wav
/Users/ykksfa/Keio_Univ_SFC/CCLab-XMusic/playlist/01 Feel Good (feat. Daya) [Crankdat Remix] 1.wav,208.wav
/Users/ykksfa/Keio_Univ_SFC/CCLab-XMusic/playlist/Survive (Dirty).wav,209.wav
/Users/ykksfa/Keio_Univ_SFC/CCLab-XMusic/playlist/02 Take You Down (Club Mix).wav,210.wav
/Users/ykksfa/Keio_Univ_SFC/CCLab-XMusic/playlist/out for the night part 2 (Dirty).wav,211.wav
/Users/ykksfa/Keio_Univ_SFC/CCLab-XMusic/playlist/02 Escape (Extended Mix).wav,212.wav
/Users/ykksfa/Keio_Univ_SFC/CCLab-XMusic/playlist/Higher Love - Anthem Kingz Aftershock Bootleg.wav,213.wav
/Users/ykksfa/Keio_Univ_SFC/CCLab-XMusic/playlist/15 We found love (Beat Crew Mash-Up).wav,214.wav
/Users/ykksfa/Keio_Univ_SFC/CCLab-XMusic/playlist/02 The End.wav,215.wav
/Users/ykksfa/Keio_Univ_SFC/CCLab-XMusic/playlist/Motto.wav,216.wav
/Users/ykksfa/Keio_Univ_SFC/CCLab-XMusic/playlist/Giant - Finlay C Remix.wav,217.wav
/Users/ykksfa/Keio_Univ_SFC/CCLab-XMusic/playlist/Dancing In My Head.wav,218.wav
/Users/ykksfa/Keio_Univ_SFC/CCLab-XMusic/playlist/20 I Bet My Life (Lost Kings Remix).wav,219.wav
/Users/ykksfa/Keio_Univ_SFC/CCLab-XMusic/playlist/One Dance (Intro).wav,220.wav
/Users/ykksfa/Keio_Univ_SFC/CCLab-XMusic/playlist/01 High on Life (feat. Bonn) 1.wav,221.wav
/Users/ykksfa/Keio_Univ_SFC/CCLab-XMusic/playlist/Is It Really Love.wav,222.wav
/Users/ykksfa/Keio_Univ_SFC/CCLab-XMusic/playlist/Make It Hot (Extended Mix).wav,223.wav
/Users/ykksfa/Keio_Univ_SFC/CCLab-XMusic/playlist/Sing For You (Extended Mix).wav,224.wav
/Users/ykksfa/Keio_Univ_SFC/CCLab-XMusic/playlist/All Eyez (Intro - Dirty).wav,225.wav
/Users/ykksfa/Keio_Univ_SFC/CCLab-XMusic/playlist/I Love It - Tiesto Club Life Remix (Dirty).wav,226.wav
/Users/ykksfa/Keio_Univ_SFC/CCLab-XMusic/playlist/01 Forever 1.wav,227.wav
/Users/ykksfa/Keio_Univ_SFC/CCLab-XMusic/playlist/01 Find Me (feat. Harry Cracknell) [Extended Version].wav,228.wav
/Users/ykksfa/Keio_Univ_SFC/CCLab-XMusic/playlist/Don't Leave Me Alone - TRP Remix.wav,229.wav
/Users/ykksfa/Keio_Univ_SFC/CCLab-XMusic/playlist/There For You (Extended Mix) 2.wav,230.wav
/Users/ykksfa/Keio_Univ_SFC/CCLab-XMusic/playlist/04 Warriors(Radio Edit).wav,231.wav
/Users/ykksfa/Keio_Univ_SFC/CCLab-XMusic/playlist/Wake Me Up feat. Aloe Blacc (Intro - Clean).wav,232.wav
/Users/ykksfa/Keio_Univ_SFC/CCLab-XMusic/playlist/16 Field Of Dreams (V).wav,233.wav
/Users/ykksfa/Keio_Univ_SFC/CCLab-XMusic/playlist/01 Levels (Avicii's Ushuaia x WeDamnz Edit).wav,234.wav
/Users/ykksfa/Keio_Univ_SFC/CCLab-XMusic/playlist/1000 - KidCutUp Club Edit (Dirty).wav,235.wav
/Users/ykksfa/Keio_Univ_SFC/CCLab-XMusic/playlist/01 Another Chance (Keanu Silva Extended Remix).wav,236.wav
/Users/ykksfa/Keio_Univ_SFC/CCLab-XMusic/playlist/01 Pick it Up (Crankdat Remix).wav,237.wav
/Users/ykksfa/Keio_Univ_SFC/CCLab-XMusic/playlist/Where Are U Now Allen Iverson (Frosstradamus Mashup).wav,238.wav
/Users/ykksfa/Keio_Univ_SFC/CCLab-XMusic/playlist/01 Murcielago (Extended Version).wav,239.wav
/Users/ykksfa/Keio_Univ_SFC/CCLab-XMusic/playlist/Are You Randy.wav,240.wav
/Users/ykksfa/Keio_Univ_SFC/CCLab-XMusic/playlist/02 At the End of the Night (feat. C. Todd Nielsen).wav,241.wav
/Users/ykksfa/Keio_Univ_SFC/CCLab-XMusic/playlist/04 Carry You Home (feat. StarGate & Aloe Blacc) [Tiesto's Big Room Mix].wav,242.wav
/Users/ykksfa/Keio_Univ_SFC/CCLab-XMusic/playlist/Friday.wav,243.wav
/Users/ykksfa/Keio_Univ_SFC/CCLab-XMusic/playlist/Solo - Syn Cole Remix.wav,244.wav
/Users/ykksfa/Keio_Univ_SFC/CCLab-XMusic/playlist/01 Superstar (VIP Mix Extended Version).wav,245.wav
/Users/ykksfa/Keio_Univ_SFC/CCLab-XMusic/playlist/01 X You (feat. Wailin') [Vocal Radio Edit].wav,246.wav
/Users/ykksfa/Keio_Univ_SFC/CCLab-XMusic/playlist/Goodbye Forever (3dgarfast Mashup).wav,247.wav
/Users/ykksfa/Keio_Univ_SFC/CCLab-XMusic/playlist/01 Higher (Extended Mix).wav,248.wav
/Users/ykksfa/Keio_Univ_SFC/CCLab-XMusic/playlist/My Cutie Pie (Intro - Dirty).wav,249.wav
/Users/ykksfa/Keio_Univ_SFC/CCLab-XMusic/playlist/Ten Feet Tall (Intro).wav,250.wav
/Users/ykksfa/Keio_Univ_SFC/CCLab-XMusic/playlist/New Thang (Intro).wav,251.wav
/Users/ykksfa/Keio_Univ_SFC/CCLab-XMusic/playlist/01 WET.wav,252.wav
/Users/ykksfa/Keio_Univ_SFC/CCLab-XMusic/playlist/Cold Future (Charlie Lane Mash-Up).wav,253.wav
/Users/ykksfa/Keio_Univ_SFC/CCLab-XMusic/playlist/Secrets - Don Diablo VIP Mix.wav,254.wav
/Users/ykksfa/Keio_Univ_SFC/CCLab-XMusic/playlist/Shoutout To Pizza (Sammy Boyle Mashup).wav,255.wav
/Users/ykksfa/Keio_Univ_SFC/CCLab-XMusic/playlist/This Is How We Do It - Don Diablo Ghosttown Bootleg (Short Edit).wav,256.wav
/Users/ykksfa/Keio_Univ_SFC/CCLab-XMusic/playlist/Closer - Chunky Dip & Trillogee Bootleg.wav,257.wav
/Users/ykksfa/Keio_Univ_SFC/CCLab-XMusic/playlist/Better When You're Gone (Extended Mix).wav,258.wav
/Users/ykksfa/Keio_Univ_SFC/CCLab-XMusic/playlist/02 Feel So (Extended Mix).wav,259.wav
/Users/ykksfa/Keio_Univ_SFC/CCLab-XMusic/playlist/03 Let Me Feel ft. When We Are Wild (Radio Edit).wav,260.wav
/Users/ykksfa/Keio_Univ_SFC/CCLab-XMusic/playlist/Summer.wav,261.wav
/Users/ykksfa/Keio_Univ_SFC/CCLab-XMusic/playlist/Source vs. Came Here For Love (Aviro Mashup).wav,262.wav
/Users/ykksfa/Keio_Univ_SFC/CCLab-XMusic/playlist/Nonstop (Intro - Dirty).wav,263.wav
/Users/ykksfa/Keio_Univ_SFC/CCLab-XMusic/playlist/06 Liar Liar (Avicii By Avicii).wav,264.wav
/Users/ykksfa/Keio_Univ_SFC/CCLab-XMusic/playlist/Backstreet Boys (Sammy Boyle verse Jleo Mashup).wav,265.wav
/Users/ykksfa/Keio_Univ_SFC/CCLab-XMusic/playlist/Every Breath You Theme O (Kalu's Mashup).wav,266.wav
/Users/ykksfa/Keio_Univ_SFC/CCLab-XMusic/playlist/15 Reload.wav,267.wav
/Users/ykksfa/Keio_Univ_SFC/CCLab-XMusic/playlist/Yottabyte.wav,268.wav
/Users/ykksfa/Keio_Univ_SFC/CCLab-XMusic/playlist/Replay (Intro).wav,269.wav
/Users/ykksfa/Keio_Univ_SFC/CCLab-XMusic/playlist/Obsessed - Tiesto Remix.wav,270.wav
/Users/ykksfa/Keio_Univ_SFC/CCLab-XMusic/playlist/UMF (Ultra Music Festival Anthem) - Tall Boys Short Edit.wav,271.wav
/Users/ykksfa/Keio_Univ_SFC/CCLab-XMusic/playlist/03 Bring the Beat Back.wav,272.wav
/Users/ykksfa/Keio_Univ_SFC/CCLab-XMusic/playlist/Anthem (We Love House Music).wav,273.wav
/Users/ykksfa/Keio_Univ_SFC/CCLab-XMusic/playlist/I Don't Belong In This Club - MOTi Remix (Clean).wav,274.wav
/Users/ykksfa/Keio_Univ_SFC/CCLab-XMusic/playlist/King's Dead (Short Edit - Dirty).wav,275.wav
/Users/ykksfa/Keio_Univ_SFC/CCLab-XMusic/playlist/01 Children of a Miracle (Don Diablo VIP Remix).wav,276.wav
/Users/ykksfa/Keio_Univ_SFC/CCLab-XMusic/playlist/01 Among the Stars (feat. Giulia Pirola).wav,277.wav
/Users/ykksfa/Keio_Univ_SFC/CCLab-XMusic/playlist/Give It Up vs. On My Mind (Ale&Frans Mashup).wav,278.wav
/Users/ykksfa/Keio_Univ_SFC/CCLab-XMusic/playlist/Seven Nation Army - Mesto Remix.wav,279.wav
/Users/ykksfa/Keio_Univ_SFC/CCLab-XMusic/playlist/Close To Me - CID Remix (Dirty).wav,280.wav
/Users/ykksfa/Keio_Univ_SFC/CCLab-XMusic/playlist/Mad Love (Intro).wav,281.wav
/Users/ykksfa/Keio_Univ_SFC/CCLab-XMusic/playlist/13 Dragon Night.wav,282.wav
/Users/ykksfa/Keio_Univ_SFC/CCLab-XMusic/playlist/Fine China (Intro).wav,283.wav
/Users/ykksfa/Keio_Univ_SFC/CCLab-XMusic/playlist/Glitch.wav,284.wav
/Users/ykksfa/Keio_Univ_SFC/CCLab-XMusic/playlist/01 Where We Fit In (Trademark Mashup).wav,285.wav
/Users/ykksfa/Keio_Univ_SFC/CCLab-XMusic/playlist/The Fix (Intro - Dirty).wav,286.wav
/Users/ykksfa/Keio_Univ_SFC/CCLab-XMusic/playlist/I Don't Speak French (Adieu).wav,287.wav
/Users/ykksfa/Keio_Univ_SFC/CCLab-XMusic/playlist/01 Figure It Out (Extended Mix).wav,288.wav
/Users/ykksfa/Keio_Univ_SFC/CCLab-XMusic/playlist/Team (Intro - Dirty).wav,289.wav
/Users/ykksfa/Keio_Univ_SFC/CCLab-XMusic/playlist/Trumpets (Intro).wav,290.wav
/Users/ykksfa/Keio_Univ_SFC/CCLab-XMusic/playlist/02 Shelter (Aiobahn & Axollo Extended Remix).wav,291.wav
/Users/ykksfa/Keio_Univ_SFC/CCLab-XMusic/playlist/03 Coming Home.wav,292.wav
/Users/ykksfa/Keio_Univ_SFC/CCLab-XMusic/playlist/You Gotta Be - MOTi & Terry McLove Remix Edit.wav,293.wav
/Users/ykksfa/Keio_Univ_SFC/CCLab-XMusic/playlist/Follow Me (Remix).wav,294.wav
/Users/ykksfa/Keio_Univ_SFC/CCLab-XMusic/playlist/I Don't Dance (Without You) - Joe Stone Remix.wav,295.wav
/Users/ykksfa/Keio_Univ_SFC/CCLab-XMusic/playlist/Atom vs. New Rules (WeDamnz Mashup).wav,296.wav
/Users/ykksfa/Keio_Univ_SFC/CCLab-XMusic/playlist/I'm Upset (Intro - Dirty).wav,297.wav
/Users/ykksfa/Keio_Univ_SFC/CCLab-XMusic/playlist/Pick Up The Phone (Intro - Clean).wav,298.wav
/Users/ykksfa/Keio_Univ_SFC/CCLab-XMusic/playlist/08 Resurrection (Axwell Recut Club Version) _ Paradise.wav,299.wav
/Users/ykksfa/Keio_Univ_SFC/CCLab-XMusic/playlist/Mistaken.wav,300.wav
/Users/ykksfa/Keio_Univ_SFC/CCLab-XMusic/playlist/01 Speechless (feat. Erika Sirola) [Lucas & Steve Remix].wav,301.wav
/Users/ykksfa/Keio_Univ_SFC/CCLab-XMusic/playlist/01 Mama (feat. William Singe) [offaiah Club Remix].wav,302.wav
/Users/ykksfa/Keio_Univ_SFC/CCLab-XMusic/playlist/COMMANDO (Dirty).wav,303.wav
/Users/ykksfa/Keio_Univ_SFC/CCLab-XMusic/playlist/WIEE vs Shut Up and Dance (Joey Ayden Mashup).wav,304.wav
/Users/ykksfa/Keio_Univ_SFC/CCLab-XMusic/playlist/01 Movement (Extended Version).wav,305.wav
/Users/ykksfa/Keio_Univ_SFC/CCLab-XMusic/playlist/12 Lights.wav,306.wav
/Users/ykksfa/Keio_Univ_SFC/CCLab-XMusic/playlist/Open Road (Kaan Pars Extended Remix).wav,307.wav
/Users/ykksfa/Keio_Univ_SFC/CCLab-XMusic/playlist/02 Heaven (David Guetta & MORTEN Remix _ Extended Version).wav,308.wav
/Users/ykksfa/Keio_Univ_SFC/CCLab-XMusic/playlist/18 There For You (Bali Bandits Remix).wav,309.wav
/Users/ykksfa/Keio_Univ_SFC/CCLab-XMusic/playlist/13 Find You (feat. Matthew Koma & Miriam Bryant).wav,310.wav
/Users/ykksfa/Keio_Univ_SFC/CCLab-XMusic/playlist/01 Falling (Extended Mix).wav,311.wav
/Users/ykksfa/Keio_Univ_SFC/CCLab-XMusic/playlist/No Good.wav,312.wav
/Users/ykksfa/Keio_Univ_SFC/CCLab-XMusic/playlist/1-800-273-8255 (Intro - Dirty).wav,313.wav
/Users/ykksfa/Keio_Univ_SFC/CCLab-XMusic/playlist/I Love You (Steerner Arena Bootleg).wav,314.wav
/Users/ykksfa/Keio_Univ_SFC/CCLab-XMusic/playlist/Dessert - 97.wav,315.wav
/Users/ykksfa/Keio_Univ_SFC/CCLab-XMusic/playlist/What's The Use (Dirty).wav,316.wav
/Users/ykksfa/Keio_Univ_SFC/CCLab-XMusic/playlist/Get You High (Extended Mix).wav,317.wav
/Users/ykksfa/Keio_Univ_SFC/CCLab-XMusic/playlist/01 UFO.wav,318.wav
/Users/ykksfa/Keio_Univ_SFC/CCLab-XMusic/playlist/Distance (Intro).wav,319.wav
/Users/ykksfa/Keio_Univ_SFC/CCLab-XMusic/playlist/2-14 Save The World (Radio Mix).wav,320.wav
/Users/ykksfa/Keio_Univ_SFC/CCLab-XMusic/playlist/Higher (Dirty).wav,321.wav
/Users/ykksfa/Keio_Univ_SFC/CCLab-XMusic/playlist/Suicidal (Dirty).wav,322.wav
/Users/ykksfa/Keio_Univ_SFC/CCLab-XMusic/playlist/Calling.wav,323.wav
/Users/ykksfa/Keio_Univ_SFC/CCLab-XMusic/playlist/Young (Nicky Romero Remix) [Extended Mix].wav,324.wav
/Users/ykksfa/Keio_Univ_SFC/CCLab-XMusic/playlist/X You (Original Mix).wav,325.wav
/Users/ykksfa/Keio_Univ_SFC/CCLab-XMusic/playlist/Call You (Clean).wav,326.wav
/Users/ykksfa/Keio_Univ_SFC/CCLab-XMusic/playlist/11 If I Lose Myself.wav,327.wav
/Users/ykksfa/Keio_Univ_SFC/CCLab-XMusic/playlist/01 Better When You're Gone.wav,328.wav
/Users/ykksfa/Keio_Univ_SFC/CCLab-XMusic/playlist/Dessert Remix (Intro).wav,329.wav
/Users/ykksfa/Keio_Univ_SFC/CCLab-XMusic/playlist/Candy Land (Intro - Clean).wav,330.wav
/Users/ykksfa/Keio_Univ_SFC/CCLab-XMusic/playlist/02 Girl at Coachella (feat. DRAM) [SDJM Remix].wav,331.wav
"/Users/ykksfa/Keio_Univ_SFC/CCLab-XMusic/playlist/thank u, next - Lodato Adagio For Strings Bootleg (Dirty).wav",332.wav
/Users/ykksfa/Keio_Univ_SFC/CCLab-XMusic/playlist/Surrender - Tall Boys Short Edit.wav,333.wav
/Users/ykksfa/Keio_Univ_SFC/CCLab-XMusic/playlist/01 Last Night (feat. FWN) [Extended Version].wav,334.wav
/Users/ykksfa/Keio_Univ_SFC/CCLab-XMusic/playlist/02 Paradise (Extended Mix).wav,335.wav
/Users/ykksfa/Keio_Univ_SFC/CCLab-XMusic/playlist/Quarter Milli (Dirty).wav,336.wav
/Users/ykksfa/Keio_Univ_SFC/CCLab-XMusic/playlist/CHAMPAGNE ROSE (Dirty).wav,337.wav
/Users/ykksfa/Keio_Univ_SFC/CCLab-XMusic/playlist/Press (Dirty).wav,338.wav
/Users/ykksfa/Keio_Univ_SFC/CCLab-XMusic/playlist/Dance With Me vs. Wake Me Up (Mike Williams Mashup) [Manja Remake].wav,339.wav
/Users/ykksfa/Keio_Univ_SFC/CCLab-XMusic/playlist/01 Bad (Extended Mix).wav,340.wav
/Users/ykksfa/Keio_Univ_SFC/CCLab-XMusic/playlist/Rise - Retrovision Remix.wav,341.wav
/Users/ykksfa/Keio_Univ_SFC/CCLab-XMusic/playlist/2-07 Walking Alone _ Miami 2 Ibiza.wav,342.wav
/Users/ykksfa/Keio_Univ_SFC/CCLab-XMusic/playlist/01 The Same Way (feat. KiFi).wav,343.wav
/Users/ykksfa/Keio_Univ_SFC/CCLab-XMusic/playlist/Color Blind (Intro).wav,344.wav
/Users/ykksfa/Keio_Univ_SFC/CCLab-XMusic/playlist/We Are The Night.wav,345.wav
/Users/ykksfa/Keio_Univ_SFC/CCLab-XMusic/playlist/Tie Me Down - Stadiumx Remix.wav,346.wav
/Users/ykksfa/Keio_Univ_SFC/CCLab-XMusic/playlist/10 My Love (Asketa & Natan Chaim Extended Remix).wav,347.wav
/Users/ykksfa/Keio_Univ_SFC/CCLab-XMusic/playlist/Goosebumbs Electro (FRAME Mashup).wav,348.wav
/Users/ykksfa/Keio_Univ_SFC/CCLab-XMusic/playlist/Robbery (Dirty).wav,349.wav
/Users/ykksfa/Keio_Univ_SFC/CCLab-XMusic/playlist/Survive (feat. Neon Dreams) [Instrumental].wav,350.wav
/Users/ykksfa/Keio_Univ_SFC/CCLab-XMusic/playlist/#BDAY (Intro - Dirty).wav,351.wav
/Users/ykksfa/Keio_Univ_SFC/CCLab-XMusic/playlist/01 Take Me There (Extended Version).wav,352.wav
/Users/ykksfa/Keio_Univ_SFC/CCLab-XMusic/playlist/Anthem vs. Friends (WeDamnz Mashup).wav,353.wav
/Users/ykksfa/Keio_Univ_SFC/CCLab-XMusic/playlist/16 Breach (Walk Alone).wav,354.wav
/Users/ykksfa/Keio_Univ_SFC/CCLab-XMusic/playlist/01 Nothing New (feat. Kaleena Zanders) 1.wav,355.wav
/Users/ykksfa/Keio_Univ_SFC/CCLab-XMusic/playlist/Work (Intro).wav,356.wav
/Users/ykksfa/Keio_Univ_SFC/CCLab-XMusic/playlist/Mighty Fun Splasher × On My Way (Osushi-Tabezo Mashup).wav,357.wav
/Users/ykksfa/Keio_Univ_SFC/CCLab-XMusic/playlist/All My Friends (Intro - Clean).wav,358.wav
/Users/ykksfa/Keio_Univ_SFC/CCLab-XMusic/playlist/20 You Got The Love (Mark Knight Remix) _ One.wav,359.wav
/Users/ykksfa/Keio_Univ_SFC/CCLab-XMusic/playlist/On The Road (Intro - Dirty).wav,360.wav
/Users/ykksfa/Keio_Univ_SFC/CCLab-XMusic/playlist/14 Scared To Be Lonely (DubVision Extended Remix).wav,361.wav
/Users/ykksfa/Keio_Univ_SFC/CCLab-XMusic/playlist/You're Not Alone.wav,362.wav
/Users/ykksfa/Keio_Univ_SFC/CCLab-XMusic/playlist/Without Me Remix (Intro - Dirty).wav,363.wav
/Users/ykksfa/Keio_Univ_SFC/CCLab-XMusic/playlist/Dirty Sexy Money - Joe Stone Remix (Dirty).wav,364.wav
/Users/ykksfa/Keio_Univ_SFC/CCLab-XMusic/playlist/Show Me Love - Calvo Remix.wav,365.wav
/Users/ykksfa/Keio_Univ_SFC/CCLab-XMusic/playlist/Sayonara.wav,366.wav
/Users/ykksfa/Keio_Univ_SFC/CCLab-XMusic/playlist/Anything Anymore.wav,367.wav
/Users/ykksfa/Keio_Univ_SFC/CCLab-XMusic/playlist/05 Faded (Tungevaag & Raaban Remix) 1.wav,368.wav
/Users/ykksfa/Keio_Univ_SFC/CCLab-XMusic/playlist/12 You Can't Change Me.wav,369.wav
/Users/ykksfa/Keio_Univ_SFC/CCLab-XMusic/playlist/Stop Sweet Lovin' (Yuga Mashup).wav,370.wav
/Users/ykksfa/Keio_Univ_SFC/CCLab-XMusic/playlist/Fever (Extended Mix) [SWM].wav,371.wav
/Users/ykksfa/Keio_Univ_SFC/CCLab-XMusic/playlist/Carry You Home - DJcity Club Edit.wav,372.wav
/Users/ykksfa/Keio_Univ_SFC/CCLab-XMusic/playlist/Down (Intro - Dirty).wav,373.wav
/Users/ykksfa/Keio_Univ_SFC/CCLab-XMusic/playlist/Levels (Willcox 2k17 Re-edit).wav,374.wav
/Users/ykksfa/Keio_Univ_SFC/CCLab-XMusic/playlist/Just Let Go (Dirty).wav,375.wav
/Users/ykksfa/Keio_Univ_SFC/CCLab-XMusic/playlist/Winnebago (feat. Quinn XCII & Daniel Wilson) [Dropgun Extended Mix].wav,376.wav
/Users/ykksfa/Keio_Univ_SFC/CCLab-XMusic/playlist/Seek Bromance - MiNDTRiX Remix.wav,377.wav
/Users/ykksfa/Keio_Univ_SFC/CCLab-XMusic/playlist/10 Genius (Lil Wayne Remix).wav,378.wav
/Users/ykksfa/Keio_Univ_SFC/CCLab-XMusic/playlist/Let's Go Chemicals (Amyntas & Day Kingsley Vocal Mash).wav,379.wav
/Users/ykksfa/Keio_Univ_SFC/CCLab-XMusic/playlist/1000 (Dirty).wav,380.wav
/Users/ykksfa/Keio_Univ_SFC/CCLab-XMusic/playlist/01 Belong.wav,381.wav
/Users/ykksfa/Keio_Univ_SFC/CCLab-XMusic/playlist/Fine China - Bishu Remix (Dirty).wav,382.wav
/Users/ykksfa/Keio_Univ_SFC/CCLab-XMusic/playlist/Fancy (Dirty).wav,383.wav
/Users/ykksfa/Keio_Univ_SFC/CCLab-XMusic/playlist/09 Leave Me Alone (feat. George Shelley) [Truth x Lies Extended Remix].wav,384.wav
/Users/ykksfa/Keio_Univ_SFC/CCLab-XMusic/playlist/01 Magnolia (Extended Mix) 1.wav,385.wav
/Users/ykksfa/Keio_Univ_SFC/CCLab-XMusic/playlist/Issues (Intro - Dirty).wav,386.wav
/Users/ykksfa/Keio_Univ_SFC/CCLab-XMusic/playlist/Whatchamacallit (Dirty).wav,387.wav
/Users/ykksfa/Keio_Univ_SFC/CCLab-XMusic/playlist/01 Back To You.wav,388.wav
/Users/ykksfa/Keio_Univ_SFC/CCLab-XMusic/playlist/Memories - Seelo Remix.wav,389.wav
/Users/ykksfa/Keio_Univ_SFC/CCLab-XMusic/playlist/Reverse (Intro - Dirty).wav,390.wav
/Users/ykksfa/Keio_Univ_SFC/CCLab-XMusic/playlist/SOS vs Tonight.wav,391.wav
/Users/ykksfa/Keio_Univ_SFC/CCLab-XMusic/playlist/Alright (Dirty).wav,392.wav
/Users/ykksfa/Keio_Univ_SFC/CCLab-XMusic/playlist/Think About You - Fabian Vangelis Remix (Main).wav,393.wav
/Users/ykksfa/Keio_Univ_SFC/CCLab-XMusic/playlist/I'm Not Alone - 2019 Edit.wav,394.wav
/Users/ykksfa/Keio_Univ_SFC/CCLab-XMusic/playlist/(Intro) The Spectre.wav,395.wav
/Users/ykksfa/Keio_Univ_SFC/CCLab-XMusic/playlist/Wolves - MOTi Remix.wav,396.wav
/Users/ykksfa/Keio_Univ_SFC/CCLab-XMusic/playlist/01 New Memories vs. Seek Bromance vs. Without You vs. Wake Me Up (steady mashup).wav,397.wav
/Users/ykksfa/Keio_Univ_SFC/CCLab-XMusic/playlist/01 Save a Little Love.wav,398.wav
/Users/ykksfa/Keio_Univ_SFC/CCLab-XMusic/playlist/Sparks feat. Corey Saxon(Extended Mix)(DJ DoiDoi Edit3).wav,399.wav
/Users/ykksfa/Keio_Univ_SFC/CCLab-XMusic/playlist/Don't Save Me (Dirty).wav,400.wav
/Users/ykksfa/Keio_Univ_SFC/CCLab-XMusic/playlist/Rude (Zedd Extended).wav,401.wav
/Users/ykksfa/Keio_Univ_SFC/CCLab-XMusic/playlist/Better Boomerang (Joe Rock Edit).wav,402.wav
/Users/ykksfa/Keio_Univ_SFC/CCLab-XMusic/playlist/07 Derezzed (feat. Negin) [Remixed by Avicii].wav,403.wav
/Users/ykksfa/Keio_Univ_SFC/CCLab-XMusic/playlist/Lucid Dreams (Intro - Dirty).wav,404.wav
/Users/ykksfa/Keio_Univ_SFC/CCLab-XMusic/playlist/When You Were Young - Calvin Harris Remix.wav,405.wav
/Users/ykksfa/Keio_Univ_SFC/CCLab-XMusic/playlist/02 Do It Right (Extended Mix) 1.wav,406.wav
/Users/ykksfa/Keio_Univ_SFC/CCLab-XMusic/playlist/a lot (Dirty).wav,407.wav
/Users/ykksfa/Keio_Univ_SFC/CCLab-XMusic/playlist/Vocal Chops.wav,408.wav
/Users/ykksfa/Keio_Univ_SFC/CCLab-XMusic/playlist/Hotel (Intro - Clean).wav,409.wav
/Users/ykksfa/Keio_Univ_SFC/CCLab-XMusic/playlist/After Life (Intro).wav,410.wav
/Users/ykksfa/Keio_Univ_SFC/CCLab-XMusic/playlist/01 I Won't Let You Down.wav,411.wav
/Users/ykksfa/Keio_Univ_SFC/CCLab-XMusic/playlist/Not Going Home (Mesto Remix).wav,412.wav
/Users/ykksfa/Keio_Univ_SFC/CCLab-XMusic/playlist/1999 - R3HAB Remix.wav,413.wav
/Users/ykksfa/Keio_Univ_SFC/CCLab-XMusic/playlist/Make You Feel Good (Intro - Dirty).wav,414.wav
/Users/ykksfa/Keio_Univ_SFC/CCLab-XMusic/playlist/2-07 Calling (Lose My Mind).wav,415.wav
/Users/ykksfa/Keio_Univ_SFC/CCLab-XMusic/playlist/Lunar Wolves (Yuga Mashup).wav,416.wav
/Users/ykksfa/Keio_Univ_SFC/CCLab-XMusic/playlist/01 No Words (feat. Belle Humble) 1.wav,417.wav
/Users/ykksfa/Keio_Univ_SFC/CCLab-XMusic/playlist/01 Not So Bad (feat. Emie) (Zonderling Extended Remix).wav,418.wav
/Users/ykksfa/Keio_Univ_SFC/CCLab-XMusic/playlist/Concrete Heart.wav,419.wav
/Users/ykksfa/Keio_Univ_SFC/CCLab-XMusic/playlist/Can't Trust Thots (Intro - Dirty).wav,420.wav
/Users/ykksfa/Keio_Univ_SFC/CCLab-XMusic/playlist/Way We Used 2.wav,421.wav
/Users/ykksfa/Keio_Univ_SFC/CCLab-XMusic/playlist/One Thing.wav,422.wav
/Users/ykksfa/Keio_Univ_SFC/CCLab-XMusic/playlist/Ready Or Not.wav,423.wav
/Users/ykksfa/Keio_Univ_SFC/CCLab-XMusic/playlist/Go Off (Intro).wav,424.wav
/Users/ykksfa/Keio_Univ_SFC/CCLab-XMusic/playlist/The Middle - Booyah Riot Remix.wav,425.wav
/Users/ykksfa/Keio_Univ_SFC/CCLab-XMusic/playlist/17 Boo'd Up (Remix).wav,426.wav
/Users/ykksfa/Keio_Univ_SFC/CCLab-XMusic/playlist/Transformer (Intro - Dirty).wav,427.wav
/Users/ykksfa/Keio_Univ_SFC/CCLab-XMusic/playlist/Cinematic (Intro).wav,428.wav
/Users/ykksfa/Keio_Univ_SFC/CCLab-XMusic/playlist/Booyah - Dibs & MGM Day Or Night Bootleg.wav,429.wav
/Users/ykksfa/Keio_Univ_SFC/CCLab-XMusic/playlist/That Way (VIP Mix).wav,430.wav
/Users/ykksfa/Keio_Univ_SFC/CCLab-XMusic/playlist/The Way I Am - Slushii Remix.wav,431.wav
/Users/ykksfa/Keio_Univ_SFC/CCLab-XMusic/playlist/01 Divine Sorrow (feat. Avicii) [Extended].wav,432.wav
/Users/ykksfa/Keio_Univ_SFC/CCLab-XMusic/playlist/02 Girls & Boys (Extended Mix).wav,433.wav
/Users/ykksfa/Keio_Univ_SFC/CCLab-XMusic/playlist/Beat It (Intro - Dirty).wav,434.wav
/Users/ykksfa/Keio_Univ_SFC/CCLab-XMusic/playlist/Everyday (Intro - Dirty).wav,435.wav
/Users/ykksfa/Keio_Univ_SFC/CCLab-XMusic/playlist/Takes Me Higher (feat. Natalie Gioia).wav,436.wav
/Users/ykksfa/Keio_Univ_SFC/CCLab-XMusic/playlist/rockstar (Intro - Dirty).wav,437.wav
/Users/ykksfa/Keio_Univ_SFC/CCLab-XMusic/playlist/Somebody Reggaeton Remix (Intro).wav,438.wav
/Users/ykksfa/Keio_Univ_SFC/CCLab-XMusic/playlist/Again (Intro - Clean).wav,439.wav
/Users/ykksfa/Keio_Univ_SFC/CCLab-XMusic/playlist/Speechless (feat. Erika Sirola) [Lucas & Steve Extended Mix].wav,440.wav
/Users/ykksfa/Keio_Univ_SFC/CCLab-XMusic/playlist/Would I Lie To You - Cash Cash Remix.wav,441.wav
/Users/ykksfa/Keio_Univ_SFC/CCLab-XMusic/playlist/Girls Have Fun (Intro - Dirty).wav,442.wav
/Users/ykksfa/Keio_Univ_SFC/CCLab-XMusic/playlist/Megatron (Intro - Dirty).wav,443.wav
/Users/ykksfa/Keio_Univ_SFC/CCLab-XMusic/playlist/01 I Could Be the One (Original Mix).wav,444.wav
/Users/ykksfa/Keio_Univ_SFC/CCLab-XMusic/playlist/Find You (Clean).wav,445.wav
/Users/ykksfa/Keio_Univ_SFC/CCLab-XMusic/playlist/Rhythm Is A Dancer X Cutting Shapes (BLK SHP Mashup).wav,446.wav
/Users/ykksfa/Keio_Univ_SFC/CCLab-XMusic/playlist/All Night - Louis The Child Remix (Dirty).wav,447.wav
/Users/ykksfa/Keio_Univ_SFC/CCLab-XMusic/playlist/01 Never Gonna Give You Up (Extended Version).wav,448.wav
/Users/ykksfa/Keio_Univ_SFC/CCLab-XMusic/playlist/07 Head Up (feat. James Newman).wav,449.wav
/Users/ykksfa/Keio_Univ_SFC/CCLab-XMusic/playlist/Survive - VIP Mix (Clean).wav,450.wav
/Users/ykksfa/Keio_Univ_SFC/CCLab-XMusic/playlist/Brave.wav,451.wav
/Users/ykksfa/Keio_Univ_SFC/CCLab-XMusic/playlist/01 Back 2 Me (Extended Version).wav,452.wav
/Users/ykksfa/Keio_Univ_SFC/CCLab-XMusic/playlist/The Middle vs. Yee vs. Power (Ale&Frans Mashup).wav,453.wav
/Users/ykksfa/Keio_Univ_SFC/CCLab-XMusic/playlist/Crazy - Dash Berlin Remix.wav,454.wav
/Users/ykksfa/Keio_Univ_SFC/CCLab-XMusic/playlist/Tell Me You Love Sunday (Mirco Akuma Mashup).wav,455.wav
/Users/ykksfa/Keio_Univ_SFC/CCLab-XMusic/playlist/01 Drought (feat. Nevve).wav,456.wav
/Users/ykksfa/Keio_Univ_SFC/CCLab-XMusic/playlist/01 Don't Hurt vs. Hindsight vs. Runaway (U&I) (WeDamnz Festival Mashup).wav,457.wav
/Users/ykksfa/Keio_Univ_SFC/CCLab-XMusic/playlist/Dip Raar (Dirty).wav,458.wav
/Users/ykksfa/Keio_Univ_SFC/CCLab-XMusic/playlist/Heaven - SERO Long Way Home Bootleg.wav,459.wav
/Users/ykksfa/Keio_Univ_SFC/CCLab-XMusic/playlist/All The Way Sweet Nothing (Sammy Boyle verse Djürpen Mashup).wav,460.wav
/Users/ykksfa/Keio_Univ_SFC/CCLab-XMusic/playlist/Wolves - Shelco Garcia & Teenwolf Puro Pari Remix.wav,461.wav
/Users/ykksfa/Keio_Univ_SFC/CCLab-XMusic/playlist/Ayo - 100.wav,462.wav
/Users/ykksfa/Keio_Univ_SFC/CCLab-XMusic/playlist/Hold Your Breath (David Puentez & Jack Wins Club Mix).wav,463.wav
/Users/ykksfa/Keio_Univ_SFC/CCLab-XMusic/playlist/Look What I've Become (Dirty).wav,464.wav
/Users/ykksfa/Keio_Univ_SFC/CCLab-XMusic/playlist/Turn Me On.wav,465.wav
/Users/ykksfa/Keio_Univ_SFC/CCLab-XMusic/playlist/Switch That Cold Water (Yuga Mashup).wav,466.wav
/Users/ykksfa/Keio_Univ_SFC/CCLab-XMusic/playlist/Project Dreams (Dirty).wav,467.wav
/Users/ykksfa/Keio_Univ_SFC/CCLab-XMusic/playlist/Wild For The Night (Intro - Dirty).wav,468.wav
/Users/ykksfa/Keio_Univ_SFC/CCLab-XMusic/playlist/02 Heroes (Dropgun Extended Remix).wav,469.wav
/Users/ykksfa/Keio_Univ_SFC/CCLab-XMusic/playlist/01 Call You Mine vs. Sixteen Remix (Trademark Mashup).wav,470.wav
/Users/ykksfa/Keio_Univ_SFC/CCLab-XMusic/playlist/More Than You Know (Steerner Bootleg).wav,471.wav
/Users/ykksfa/Keio_Univ_SFC/CCLab-XMusic/playlist/01 Game Time (Extended Version).wav,472.wav
/Users/ykksfa/Keio_Univ_SFC/CCLab-XMusic/playlist/Welcome To The Party (Intro - Dirty).wav,473.wav
/Users/ykksfa/Keio_Univ_SFC/CCLab-XMusic/playlist/I Don't Care - Loud Luxury Remix.wav,474.wav
/Users/ykksfa/Keio_Univ_SFC/CCLab-XMusic/playlist/01 Don't Give up on Me (feat. Josh Cumbee) [Club Mix].wav,475.wav
/Users/ykksfa/Keio_Univ_SFC/CCLab-XMusic/playlist/What About Us - Charlie Lane Remix.wav,476.wav
/Users/ykksfa/Keio_Univ_SFC/CCLab-XMusic/playlist/Pumpin' Blood - The Chainsmokers Remix.wav,477.wav
/Users/ykksfa/Keio_Univ_SFC/CCLab-XMusic/playlist/Different Place (Extended Mix).wav,478.wav
/Users/ykksfa/Keio_Univ_SFC/CCLab-XMusic/playlist/01 All Night Long.wav,479.wav
/Users/ykksfa/Keio_Univ_SFC/CCLab-XMusic/playlist/Call You - Steff Da Campo Remix.wav,480.wav
/Users/ykksfa/Keio_Univ_SFC/CCLab-XMusic/playlist/01 Anybody (Extended Version).wav,481.wav
/Users/ykksfa/Keio_Univ_SFC/CCLab-XMusic/playlist/Of All Things (Intro - Dirty).wav,482.wav
/Users/ykksfa/Keio_Univ_SFC/CCLab-XMusic/playlist/Pups (Dirty).wav,483.wav
/Users/ykksfa/Keio_Univ_SFC/CCLab-XMusic/playlist/01 We Want Your Soul (Mike Williams Remix).wav,484.wav
/Users/ykksfa/Keio_Univ_SFC/CCLab-XMusic/playlist/Now That I've Found You.wav,485.wav
/Users/ykksfa/Keio_Univ_SFC/CCLab-XMusic/playlist/Antidote (Bad Royale Remix).wav,486.wav
/Users/ykksfa/Keio_Univ_SFC/CCLab-XMusic/playlist/Ocean - DubVision Remix.wav,487.wav
/Users/ykksfa/Keio_Univ_SFC/CCLab-XMusic/playlist/This Far (Original Mix).wav,488.wav
/Users/ykksfa/Keio_Univ_SFC/CCLab-XMusic/playlist/Feather (feat. Finn Askew) [Mo Falk Remix Yuga Club Edit].wav,489.wav
/Users/ykksfa/Keio_Univ_SFC/CCLab-XMusic/playlist/01 More Than We Compare (Extended Version).wav,490.wav
/Users/ykksfa/Keio_Univ_SFC/CCLab-XMusic/playlist/Let Me Love You (Don Diablo Remix Short Edit).wav,491.wav
/Users/ykksfa/Keio_Univ_SFC/CCLab-XMusic/playlist/Summer In The Winter (Intro - Dirty).wav,492.wav
/Users/ykksfa/Keio_Univ_SFC/CCLab-XMusic/playlist/Save That (Intro - Dirty).wav,493.wav
/Users/ykksfa/Keio_Univ_SFC/CCLab-XMusic/playlist/Giant - Laidback Luke Remix.wav,494.wav
/Users/ykksfa/Keio_Univ_SFC/CCLab-XMusic/playlist/Dope (Intro - Dirty).wav,495.wav
/Users/ykksfa/Keio_Univ_SFC/CCLab-XMusic/playlist/Legends (Dirty).wav,496.wav
/Users/ykksfa/Keio_Univ_SFC/CCLab-XMusic/playlist/Slide Remix (Intro - Dirty).wav,497.wav
/Users/ykksfa/Keio_Univ_SFC/CCLab-XMusic/playlist/Panda Closer (Yuga Mashup).wav,498.wav
/Users/ykksfa/Keio_Univ_SFC/CCLab-XMusic/playlist/Polar.wav,499.wav
/Users/ykksfa/Keio_Univ_SFC/CCLab-XMusic/playlist/Wait Another Day vs. I Want It That Way (WeDamnz Mashup).wav,500.wav
/Users/ykksfa/Keio_Univ_SFC/CCLab-XMusic/playlist/05 Clarity.wav,501.wav
/Users/ykksfa/Keio_Univ_SFC/CCLab-XMusic/playlist/Genius - Banx & Ranx Remix.wav,502.wav
/Users/ykksfa/Keio_Univ_SFC/CCLab-XMusic/playlist/Heaven To Me (Extended Mix).wav,503.wav
/Users/ykksfa/Keio_Univ_SFC/CCLab-XMusic/playlist/Wolves Melody (Funbite Mashup).wav,504.wav
/Users/ykksfa/Keio_Univ_SFC/CCLab-XMusic/playlist/Beautiful Now (Intro).wav,505.wav
/Users/ykksfa/Keio_Univ_SFC/CCLab-XMusic/playlist/Waiting For Tomorrow.wav,506.wav
/Users/ykksfa/Keio_Univ_SFC/CCLab-XMusic/playlist/Beautiful Now - EPX The One Bootleg.wav,507.wav
/Users/ykksfa/Keio_Univ_SFC/CCLab-XMusic/playlist/01 On My Mind (Original Mix).wav,508.wav
/Users/ykksfa/Keio_Univ_SFC/CCLab-XMusic/playlist/You & I vs Give It Up (JMR Mashup).wav,509.wav
/Users/ykksfa/Keio_Univ_SFC/CCLab-XMusic/playlist/Dance With Me (Extended Mix).wav,510.wav
/Users/ykksfa/Keio_Univ_SFC/CCLab-XMusic/playlist/Heroes (Hard Rock Sofa & Skidka Remix).wav,511.wav
/Users/ykksfa/Keio_Univ_SFC/CCLab-XMusic/playlist/03 Speechless (feat. Erika Sirola) [Nicolas Haelg Remix].wav,512.wav
/Users/ykksfa/Keio_Univ_SFC/CCLab-XMusic/playlist/Just Hold On - Steve Aoki Festival Remix.wav,513.wav
/Users/ykksfa/Keio_Univ_SFC/CCLab-XMusic/playlist/We Like To Party.wav,514.wav
/Users/ykksfa/Keio_Univ_SFC/CCLab-XMusic/playlist/Symphony - ZNZBR Remix.wav,515.wav
/Users/ykksfa/Keio_Univ_SFC/CCLab-XMusic/playlist/13 Side Effects (Fedde Le Grand Remix).wav,516.wav
/Users/ykksfa/Keio_Univ_SFC/CCLab-XMusic/playlist/Faded Blackbird (DAZZ Mashup).wav,517.wav
/Users/ykksfa/Keio_Univ_SFC/CCLab-XMusic/playlist/Red Lights (Clean).wav,518.wav
/Users/ykksfa/Keio_Univ_SFC/CCLab-XMusic/playlist/What I Like About You - Owen Norton Remix.wav,519.wav
/Users/ykksfa/Keio_Univ_SFC/CCLab-XMusic/playlist/Cutting Momentum Shapes (Zeus & Zyla Edit).wav,520.wav
/Users/ykksfa/Keio_Univ_SFC/CCLab-XMusic/playlist/Close (Brooks Remix).wav,521.wav
/Users/ykksfa/Keio_Univ_SFC/CCLab-XMusic/playlist/Wave (Extended Version).wav,522.wav
/Users/ykksfa/Keio_Univ_SFC/CCLab-XMusic/playlist/We Don't Talk Anymore (feat. Selena Gomez) [STVCKS Remix Radio Edit].wav,523.wav
/Users/ykksfa/Keio_Univ_SFC/CCLab-XMusic/playlist/03 Stay (Jonas Blue Remix) 1.wav,524.wav
/Users/ykksfa/Keio_Univ_SFC/CCLab-XMusic/playlist/Higher Love.wav,525.wav
/Users/ykksfa/Keio_Univ_SFC/CCLab-XMusic/playlist/17 Don't You Worry Child.wav,526.wav
/Users/ykksfa/Keio_Univ_SFC/CCLab-XMusic/playlist/Love Thru The Computer (Dirty).wav,527.wav
/Users/ykksfa/Keio_Univ_SFC/CCLab-XMusic/playlist/Dancing Alone.wav,528.wav
/Users/ykksfa/Keio_Univ_SFC/CCLab-XMusic/playlist/Money In The Grave (Intro - Dirty).wav,529.wav
/Users/ykksfa/Keio_Univ_SFC/CCLab-XMusic/playlist/Clarity - Vicetone Remix.wav,530.wav
/Users/ykksfa/Keio_Univ_SFC/CCLab-XMusic/playlist/Like I Do (Chachi & Dstar Remix).wav,531.wav
/Users/ykksfa/Keio_Univ_SFC/CCLab-XMusic/playlist/Rumorz (Intro - Dirty).wav,532.wav
/Users/ykksfa/Keio_Univ_SFC/CCLab-XMusic/playlist/There For You (Extended mix).wav,533.wav
/Users/ykksfa/Keio_Univ_SFC/CCLab-XMusic/playlist/03 Feeling You (feat. Chandler Blasé).wav,534.wav
"/Users/ykksfa/Keio_Univ_SFC/CCLab-XMusic/playlist/12 Asian Doll feat. T-Pablow, Vingo & Yellow Pato.wav",535.wav
/Users/ykksfa/Keio_Univ_SFC/CCLab-XMusic/playlist/Nothing Breaks Like A Heart - Don Diablo Remix (Intro).wav,536.wav
/Users/ykksfa/Keio_Univ_SFC/CCLab-XMusic/playlist/2-06 Lovers On The Sun (Radio Edit).wav,537.wav
/Users/ykksfa/Keio_Univ_SFC/CCLab-XMusic/playlist/01 Don't Stop Pizza (Trademark Mashup).wav,538.wav
/Users/ykksfa/Keio_Univ_SFC/CCLab-XMusic/playlist/Mask Off - Marshmello Remix (Dirty).wav,539.wav
/Users/ykksfa/Keio_Univ_SFC/CCLab-XMusic/playlist/CONFESSION.wav,540.wav
/Users/ykksfa/Keio_Univ_SFC/CCLab-XMusic/playlist/Summertime Magic (Intro).wav,541.wav
/Users/ykksfa/Keio_Univ_SFC/CCLab-XMusic/playlist/365 - Jonas Aden Remix.wav,542.wav
/Users/ykksfa/Keio_Univ_SFC/CCLab-XMusic/playlist/American Clouds (Yuga Mashup).wav,543.wav
/Users/ykksfa/Keio_Univ_SFC/CCLab-XMusic/playlist/01 Inception (Ultra Live Anthem 2019).wav,544.wav
/Users/ykksfa/Keio_Univ_SFC/CCLab-XMusic/playlist/Own It (Intro).wav,545.wav
/Users/ykksfa/Keio_Univ_SFC/CCLab-XMusic/playlist/02 Dancin' (Extended Mix).wav,546.wav
/Users/ykksfa/Keio_Univ_SFC/CCLab-XMusic/playlist/Hold On.wav,547.wav
/Users/ykksfa/Keio_Univ_SFC/CCLab-XMusic/playlist/2-04 The Night Out [Madeon Remix].wav,548.wav
/Users/ykksfa/Keio_Univ_SFC/CCLab-XMusic/playlist/1000 Years.wav,549.wav
/Users/ykksfa/Keio_Univ_SFC/CCLab-XMusic/playlist/Wow. Remix (Intro - Dirty).wav,550.wav
/Users/ykksfa/Keio_Univ_SFC/CCLab-XMusic/playlist/Slide (Intro - Dirty).wav,551.wav
/Users/ykksfa/Keio_Univ_SFC/CCLab-XMusic/playlist/Titanium - Cat Dealers & Felguk Remix.wav,552.wav
/Users/ykksfa/Keio_Univ_SFC/CCLab-XMusic/playlist/Stargazing - Kahikko Remix.wav,553.wav
/Users/ykksfa/Keio_Univ_SFC/CCLab-XMusic/playlist/Perfect - Anthem Kingz Don't Leave Bootleg.wav,554.wav
/Users/ykksfa/Keio_Univ_SFC/CCLab-XMusic/playlist/22 Save The World _ Punk (Arty Rock-N-Rolla Mix).wav,555.wav
/Users/ykksfa/Keio_Univ_SFC/CCLab-XMusic/playlist/We Found Love.wav,556.wav
/Users/ykksfa/Keio_Univ_SFC/CCLab-XMusic/playlist/Rather Be - Discotech Remix.wav,557.wav
/Users/ykksfa/Keio_Univ_SFC/CCLab-XMusic/playlist/01 How It Goes (Extended Mix).wav,558.wav
/Users/ykksfa/Keio_Univ_SFC/CCLab-XMusic/playlist/SLVR vs. Beautiful Now (Half Shark Re-Mash) [Yuga Mashup].wav,559.wav
/Users/ykksfa/Keio_Univ_SFC/CCLab-XMusic/playlist/01 Up Till Dawn (Club Mix) [WeDamnz Extended].wav,560.wav
/Users/ykksfa/Keio_Univ_SFC/CCLab-XMusic/playlist/Your Song (SaberZ Bootleg).wav,561.wav
/Users/ykksfa/Keio_Univ_SFC/CCLab-XMusic/playlist/Stay The Night (Intro).wav,562.wav
/Users/ykksfa/Keio_Univ_SFC/CCLab-XMusic/playlist/Astronauts (Intro - Dirty).wav,563.wav
/Users/ykksfa/Keio_Univ_SFC/CCLab-XMusic/playlist/02 How To Love (feat. Sofia Reyes) [Hellberg Remix].wav,564.wav
/Users/ykksfa/Keio_Univ_SFC/CCLab-XMusic/playlist/Attention - Oliver Heldens Remix.wav,565.wav
/Users/ykksfa/Keio_Univ_SFC/CCLab-XMusic/playlist/It Takes Two (Intro).wav,566.wav
/Users/ykksfa/Keio_Univ_SFC/CCLab-XMusic/playlist/Golden Pineapple - DJ Smerk Club Edit.wav,567.wav
/Users/ykksfa/Keio_Univ_SFC/CCLab-XMusic/playlist/Back To You - Flipside Source Bootleg.wav,568.wav
/Users/ykksfa/Keio_Univ_SFC/CCLab-XMusic/playlist/When Love Takes Over - Silver Remix.wav,569.wav
/Users/ykksfa/Keio_Univ_SFC/CCLab-XMusic/playlist/01 Dark Sky.wav,570.wav
/Users/ykksfa/Keio_Univ_SFC/CCLab-XMusic/playlist/Follow Me (Intro).wav,571.wav
/Users/ykksfa/Keio_Univ_SFC/CCLab-XMusic/playlist/REDLIGHT - VIP (Dirty).wav,572.wav
/Users/ykksfa/Keio_Univ_SFC/CCLab-XMusic/playlist/01 Day Lights (Louigy Mashup).wav,573.wav
/Users/ykksfa/Keio_Univ_SFC/CCLab-XMusic/playlist/Million Voices (BKID Remix 2K16).wav,574.wav
/Users/ykksfa/Keio_Univ_SFC/CCLab-XMusic/playlist/Bones - Hook N Sling Remix.wav,575.wav
/Users/ykksfa/Keio_Univ_SFC/CCLab-XMusic/playlist/Reload.wav,576.wav
/Users/ykksfa/Keio_Univ_SFC/CCLab-XMusic/playlist/Clarity (Clean).wav,577.wav
/Users/ykksfa/Keio_Univ_SFC/CCLab-XMusic/playlist/No Good vs. Jackie Chan (WeDamnz Mashup).wav,578.wav
/Users/ykksfa/Keio_Univ_SFC/CCLab-XMusic/playlist/Rolex.wav,579.wav
/Users/ykksfa/Keio_Univ_SFC/CCLab-XMusic/playlist/Free.wav,580.wav
/Users/ykksfa/Keio_Univ_SFC/CCLab-XMusic/playlist/Spirit Of Freedom.wav,581.wav
/Users/ykksfa/Keio_Univ_SFC/CCLab-XMusic/playlist/I'm Not Sorry (Dirty).wav,582.wav
/Users/ykksfa/Keio_Univ_SFC/CCLab-XMusic/playlist/#BBBB (Intro - Dirty).wav,583.wav
/Users/ykksfa/Keio_Univ_SFC/CCLab-XMusic/playlist/Rhythm Of The Night (Intro).wav,584.wav
/Users/ykksfa/Keio_Univ_SFC/CCLab-XMusic/playlist/01 Daylight (With You) [Extended Mix].wav,585.wav
/Users/ykksfa/Keio_Univ_SFC/CCLab-XMusic/playlist/Take Over Control  Edit.wav,586.wav
/Users/ykksfa/Keio_Univ_SFC/CCLab-XMusic/playlist/Temporary Lover (Dirty).wav,587.wav
/Users/ykksfa/Keio_Univ_SFC/CCLab-XMusic/playlist/Bones - Laidback Luke Bootleg.wav,588.wav
/Users/ykksfa/Keio_Univ_SFC/CCLab-XMusic/playlist/The Groove - DJcity Club Edit.wav,589.wav
/Users/ykksfa/Keio_Univ_SFC/CCLab-XMusic/playlist/Give Me Love.wav,590.wav
/Users/ykksfa/Keio_Univ_SFC/CCLab-XMusic/playlist/01 Tastes Gud (Extended Version).wav,591.wav
/Users/ykksfa/Keio_Univ_SFC/CCLab-XMusic/playlist/Spaceship - MOTi Remix.wav,592.wav
"/Users/ykksfa/Keio_Univ_SFC/CCLab-XMusic/playlist/11 The Island (Steve Angello, An21 & Max Vangeli Remix).wav",593.wav
/Users/ykksfa/Keio_Univ_SFC/CCLab-XMusic/playlist/16 Move Your Body (Alan Walker Remix).wav,594.wav
/Users/ykksfa/Keio_Univ_SFC/CCLab-XMusic/playlist/I'm Sayin' (Intro - Clean).wav,595.wav
/Users/ykksfa/Keio_Univ_SFC/CCLab-XMusic/playlist/I'm Yours (Intro).wav,596.wav
/Users/ykksfa/Keio_Univ_SFC/CCLab-XMusic/playlist/03 Love On Me (Madison Mars Remix).wav,597.wav
/Users/ykksfa/Keio_Univ_SFC/CCLab-XMusic/playlist/01 Birthday (Don Diablo Remix) [Club Version].wav,598.wav
/Users/ykksfa/Keio_Univ_SFC/CCLab-XMusic/playlist/10 Found You (feat. Bully Songs).wav,599.wav
/Users/ykksfa/Keio_Univ_SFC/CCLab-XMusic/playlist/Nobody Love (Intro).wav,600.wav
/Users/ykksfa/Keio_Univ_SFC/CCLab-XMusic/playlist/Momentum.wav,601.wav
/Users/ykksfa/Keio_Univ_SFC/CCLab-XMusic/playlist/Picture Me Rollin' (Intro - Dirty).wav,602.wav
/Users/ykksfa/Keio_Univ_SFC/CCLab-XMusic/playlist/For Free (Intro - Dirty).wav,603.wav
/Users/ykksfa/Keio_Univ_SFC/CCLab-XMusic/playlist/02 Like This (Extended Mix).wav,604.wav
/Users/ykksfa/Keio_Univ_SFC/CCLab-XMusic/playlist/Phone Died (Dirty).wav,605.wav
/Users/ykksfa/Keio_Univ_SFC/CCLab-XMusic/playlist/a&t (Intro - Dirty).wav,606.wav
/Users/ykksfa/Keio_Univ_SFC/CCLab-XMusic/playlist/You Don't Know Me.wav,607.wav
/Users/ykksfa/Keio_Univ_SFC/CCLab-XMusic/playlist/My House (Intro).wav,608.wav
/Users/ykksfa/Keio_Univ_SFC/CCLab-XMusic/playlist/01 Animals (Oliver Heldens Remix).wav,609.wav
/Users/ykksfa/Keio_Univ_SFC/CCLab-XMusic/playlist/Back To You - DJcity Club Edit.wav,610.wav
/Users/ykksfa/Keio_Univ_SFC/CCLab-XMusic/playlist/I Love It - HERMANN Make Me Feel Bootleg (Dirty).wav,611.wav
/Users/ykksfa/Keio_Univ_SFC/CCLab-XMusic/playlist/01 Hard 2 Find (feat. Donata) [Club Mix].wav,612.wav
/Users/ykksfa/Keio_Univ_SFC/CCLab-XMusic/playlist/Turn Back Time (Steerner Bootleg).wav,613.wav
/Users/ykksfa/Keio_Univ_SFC/CCLab-XMusic/playlist/What I Did For Love - Morten Remix.wav,614.wav
/Users/ykksfa/Keio_Univ_SFC/CCLab-XMusic/playlist/High Hopes - Don Diablo Remix.wav,615.wav
/Users/ykksfa/Keio_Univ_SFC/CCLab-XMusic/playlist/The Rhythm.wav,616.wav
/Users/ykksfa/Keio_Univ_SFC/CCLab-XMusic/playlist/All Around The World (La La La).wav,617.wav
/Users/ykksfa/Keio_Univ_SFC/CCLab-XMusic/playlist/01 Home.wav,618.wav
/Users/ykksfa/Keio_Univ_SFC/CCLab-XMusic/playlist/First Off (Dirty).wav,619.wav
/Users/ykksfa/Keio_Univ_SFC/CCLab-XMusic/playlist/Are You With Me - Calvo Remix.wav,620.wav
/Users/ykksfa/Keio_Univ_SFC/CCLab-XMusic/playlist/Uproar (Intro - Dirty).wav,621.wav
/Users/ykksfa/Keio_Univ_SFC/CCLab-XMusic/playlist/01 Want Love (Extended Version).wav,622.wav
/Users/ykksfa/Keio_Univ_SFC/CCLab-XMusic/playlist/Trumpets - Tall Boys Club Edit.wav,623.wav
/Users/ykksfa/Keio_Univ_SFC/CCLab-XMusic/playlist/01 Wanderlust 1.wav,624.wav
/Users/ykksfa/Keio_Univ_SFC/CCLab-XMusic/playlist/02 Beautiful Heartbeat (feat. Frida Sundemo) [Avicii Remix].wav,625.wav
/Users/ykksfa/Keio_Univ_SFC/CCLab-XMusic/playlist/1-01 I Got You (Extended Mix).wav,626.wav
/Users/ykksfa/Keio_Univ_SFC/CCLab-XMusic/playlist/Calling On You vs. Switch (Ummet Ozcan Smashup) [WeDamnz Reboot].wav,627.wav
/Users/ykksfa/Keio_Univ_SFC/CCLab-XMusic/playlist/BDY ON ME.wav,628.wav
/Users/ykksfa/Keio_Univ_SFC/CCLab-XMusic/playlist/Living - Calvo Remix.wav,629.wav
/Users/ykksfa/Keio_Univ_SFC/CCLab-XMusic/playlist/S.O.S. - Kahikko Remix (Dirty).wav,630.wav
/Users/ykksfa/Keio_Univ_SFC/CCLab-XMusic/playlist/Good Life (Intro).wav,631.wav
/Users/ykksfa/Keio_Univ_SFC/CCLab-XMusic/playlist/Ferrari (Dirty).wav,632.wav
/Users/ykksfa/Keio_Univ_SFC/CCLab-XMusic/playlist/ET Take Off (Chumpion Mashup).wav,633.wav
/Users/ykksfa/Keio_Univ_SFC/CCLab-XMusic/playlist/Dreamer.wav,634.wav
/Users/ykksfa/Keio_Univ_SFC/CCLab-XMusic/playlist/River (Dirty).wav,635.wav
/Users/ykksfa/Keio_Univ_SFC/CCLab-XMusic/playlist/bad guy - Lodato I Don't Speak French (Adieu) Bootleg.wav,636.wav
/Users/ykksfa/Keio_Univ_SFC/CCLab-XMusic/playlist/Big Shot (Dirty).wav,637.wav
/Users/ykksfa/Keio_Univ_SFC/CCLab-XMusic/playlist/Time For Love (Intro - Dirty).wav,638.wav
/Users/ykksfa/Keio_Univ_SFC/CCLab-XMusic/playlist/01 Don't Wake Me Up.wav,639.wav
/Users/ykksfa/Keio_Univ_SFC/CCLab-XMusic/playlist/There's Nothing Holdin' Me Back - Tall Boys Walls Bootleg.wav,640.wav
/Users/ykksfa/Keio_Univ_SFC/CCLab-XMusic/playlist/Genius - Banx & Ranx Reggae Remix.wav,641.wav
/Users/ykksfa/Keio_Univ_SFC/CCLab-XMusic/playlist/01 Regrets (Dionysus Mashup).wav,642.wav
/Users/ykksfa/Keio_Univ_SFC/CCLab-XMusic/playlist/14 Three Triangles _ Trio _ Teenage Crime.wav,643.wav
/Users/ykksfa/Keio_Univ_SFC/CCLab-XMusic/playlist/Freaky Friday (Intro - Dirty).wav,644.wav
/Users/ykksfa/Keio_Univ_SFC/CCLab-XMusic/playlist/01 Dance With Me vs. Silence (WeDamnz Mashup).wav,645.wav
/Users/ykksfa/Keio_Univ_SFC/CCLab-XMusic/playlist/By Your Side - PBH & Jack Shizzle Remix.wav,646.wav
/Users/ykksfa/Keio_Univ_SFC/CCLab-XMusic/playlist/Old Town Road Remix (Intro).wav,647.wav
/Users/ykksfa/Keio_Univ_SFC/CCLab-XMusic/playlist/Dreamer - Kahikko Remix.wav,648.wav
/Users/ykksfa/Keio_Univ_SFC/CCLab-XMusic/playlist/01 Give It Up (Extended Mix).wav,649.wav
"/Users/ykksfa/Keio_Univ_SFC/CCLab-XMusic/playlist/1-04 I'm The One (feat. Justin Bieber, Quavo, Chane The Rapper & Lil Wayne).wav",650.wav
/Users/ykksfa/Keio_Univ_SFC/CCLab-XMusic/playlist/Something Just Like This - Don Diablo Remix.wav,651.wav
/Users/ykksfa/Keio_Univ_SFC/CCLab-XMusic/playlist/Welcome To New York (Intro - Dirty).wav,652.wav
/Users/ykksfa/Keio_Univ_SFC/CCLab-XMusic/playlist/Freaky Friday - DJ Skillz B Money Mix Riddim Blend (Clean).wav,653.wav
/Users/ykksfa/Keio_Univ_SFC/CCLab-XMusic/playlist/Tremor × All My Love-Sagan Remix-(お寿司食べぞうEdit).wav,654.wav
/Users/ykksfa/Keio_Univ_SFC/CCLab-XMusic/playlist/02 One World (feat. RAIGN) [Extended Mix].wav,655.wav
/Users/ykksfa/Keio_Univ_SFC/CCLab-XMusic/playlist/01 Capitol (Extended Mix).wav,656.wav
/Users/ykksfa/Keio_Univ_SFC/CCLab-XMusic/playlist/01 No Limits (Extended Version).wav,657.wav
/Users/ykksfa/Keio_Univ_SFC/CCLab-XMusic/playlist/Better Now (Intro - Dirty).wav,658.wav
/Users/ykksfa/Keio_Univ_SFC/CCLab-XMusic/playlist/Volcano (Intro).wav,659.wav
/Users/ykksfa/Keio_Univ_SFC/CCLab-XMusic/playlist/06 Nobody Compares to You (feat. Katie Pearlman) [Bali Bandits Remix].wav,660.wav
/Users/ykksfa/Keio_Univ_SFC/CCLab-XMusic/playlist/Watch Me Work (Intro - Dirty).wav,661.wav
/Users/ykksfa/Keio_Univ_SFC/CCLab-XMusic/playlist/Congratulations (Dirty).wav,662.wav
/Users/ykksfa/Keio_Univ_SFC/CCLab-XMusic/playlist/Spotlight.wav,663.wav
/Users/ykksfa/Keio_Univ_SFC/CCLab-XMusic/playlist/Monster - Flipside Keep U Bootleg (Clean).wav,664.wav
/Users/ykksfa/Keio_Univ_SFC/CCLab-XMusic/playlist/Wanderlust (ft. Aidan O'Brien) [Original Mix].wav,665.wav
/Users/ykksfa/Keio_Univ_SFC/CCLab-XMusic/playlist/Act A Fool (Dirty).wav,666.wav
/Users/ykksfa/Keio_Univ_SFC/CCLab-XMusic/playlist/01 Get Away (feat. Rama Duke).wav,667.wav
/Users/ykksfa/Keio_Univ_SFC/CCLab-XMusic/playlist/Fetty Wap - Like A Star (Intro - Dirty).wav,668.wav
/Users/ykksfa/Keio_Univ_SFC/CCLab-XMusic/playlist/Hello Friday.wav,669.wav
/Users/ykksfa/Keio_Univ_SFC/CCLab-XMusic/playlist/We Are Lost.wav,670.wav
/Users/ykksfa/Keio_Univ_SFC/CCLab-XMusic/playlist/Baby.wav,671.wav
/Users/ykksfa/Keio_Univ_SFC/CCLab-XMusic/playlist/My Feelings.wav,672.wav
/Users/ykksfa/Keio_Univ_SFC/CCLab-XMusic/playlist/I'm Intoxicated (VIP Radio Mix).wav,673.wav
/Users/ykksfa/Keio_Univ_SFC/CCLab-XMusic/playlist/Body (Intro - Dirty).wav,674.wav
/Users/ykksfa/Keio_Univ_SFC/CCLab-XMusic/playlist/Lost In The Fire (Intro - Dirty).wav,675.wav
/Users/ykksfa/Keio_Univ_SFC/CCLab-XMusic/playlist/01 Congratulations (feat. Brando) [Extended Version].wav,676.wav
/Users/ykksfa/Keio_Univ_SFC/CCLab-XMusic/playlist/Sparks (Extended Mix).wav,677.wav
/Users/ykksfa/Keio_Univ_SFC/CCLab-XMusic/playlist/05 Carry Me Home (feat. Sam Martin) [Joe Stone Extended Remix].wav,678.wav
/Users/ykksfa/Keio_Univ_SFC/CCLab-XMusic/playlist/02 Find You (feat. MPH) [Extended Club Mix].wav,679.wav
/Users/ykksfa/Keio_Univ_SFC/CCLab-XMusic/playlist/01 Lighthouse.wav,680.wav
/Users/ykksfa/Keio_Univ_SFC/CCLab-XMusic/playlist/SICKO MODE (Intro - Dirty).wav,681.wav
/Users/ykksfa/Keio_Univ_SFC/CCLab-XMusic/playlist/Icon (Crankdat Re-Crank).wav,682.wav
/Users/ykksfa/Keio_Univ_SFC/CCLab-XMusic/playlist/01 New Memories.wav,683.wav
/Users/ykksfa/Keio_Univ_SFC/CCLab-XMusic/playlist/01 Back Again (Extended Mix).wav,684.wav
/Users/ykksfa/Keio_Univ_SFC/CCLab-XMusic/playlist/02 A Better Love.wav,685.wav
/Users/ykksfa/Keio_Univ_SFC/CCLab-XMusic/playlist/01 Rhythm Is a Dancer (feat. Kaleena Zanders) [Extended Mix].wav,686.wav
/Users/ykksfa/Keio_Univ_SFC/CCLab-XMusic/playlist/Ain't No Tellin' (Intro - Dirty).wav,687.wav
/Users/ykksfa/Keio_Univ_SFC/CCLab-XMusic/playlist/Scream Byte (Funbite Mashup).wav,688.wav
/Users/ykksfa/Keio_Univ_SFC/CCLab-XMusic/playlist/A Sky Full Of Stars (Clean).wav,689.wav
/Users/ykksfa/Keio_Univ_SFC/CCLab-XMusic/playlist/01 Stay Free (Trademark Mashup).wav,690.wav
/Users/ykksfa/Keio_Univ_SFC/CCLab-XMusic/playlist/18 Something Just Like This (Alesso Remix).wav,691.wav
/Users/ykksfa/Keio_Univ_SFC/CCLab-XMusic/playlist/American Boy - Brooks Remix (Dirty).wav,692.wav
/Users/ykksfa/Keio_Univ_SFC/CCLab-XMusic/playlist/What I Like About You - Syn Cole Remix.wav,693.wav
/Users/ykksfa/Keio_Univ_SFC/CCLab-XMusic/playlist/Treat You Right (Extended Mix).wav,694.wav
/Users/ykksfa/Keio_Univ_SFC/CCLab-XMusic/playlist/All Mine (Intro - Dirty).wav,695.wav
"/Users/ykksfa/Keio_Univ_SFC/CCLab-XMusic/playlist/thank u, next - RudeLies Remix (Dirty).wav",696.wav
/Users/ykksfa/Keio_Univ_SFC/CCLab-XMusic/playlist/Run This Town - Dawg 2017 Remix (Dirty).wav,697.wav
/Users/ykksfa/Keio_Univ_SFC/CCLab-XMusic/playlist/01 Lie Mashine (Extended Mix).wav,698.wav
/Users/ykksfa/Keio_Univ_SFC/CCLab-XMusic/playlist/Somebody Remix (Intro - Clean).wav,699.wav
/Users/ykksfa/Keio_Univ_SFC/CCLab-XMusic/playlist/01 Wired vs. Viva La Vida (WeDamnz Mashup).wav,700.wav
/Users/ykksfa/Keio_Univ_SFC/CCLab-XMusic/playlist/06 About U.wav,701.wav
/Users/ykksfa/Keio_Univ_SFC/CCLab-XMusic/playlist/The Right Song - Mike Williams Remix.wav,702.wav
/Users/ykksfa/Keio_Univ_SFC/CCLab-XMusic/playlist/01 Tequila (Robin Schulz Remix).wav,703.wav
/Users/ykksfa/Keio_Univ_SFC/CCLab-XMusic/playlist/01 Cool With That (feat. Golden Age) [Extended Mix].wav,704.wav
/Users/ykksfa/Keio_Univ_SFC/CCLab-XMusic/playlist/Therapy - Throttle Remix.wav,705.wav
/Users/ykksfa/Keio_Univ_SFC/CCLab-XMusic/playlist/18 Beating Of My Heart (Matisse & Sadko Instrumental) _ Sweet Disposition.wav,706.wav
/Users/ykksfa/Keio_Univ_SFC/CCLab-XMusic/playlist/Sad (Intro - Dirty).wav,707.wav
/Users/ykksfa/Keio_Univ_SFC/CCLab-XMusic/playlist/Tempo (Intro - Dirty).wav,708.wav
/Users/ykksfa/Keio_Univ_SFC/CCLab-XMusic/playlist/04 Alive (Original Mix).wav,709.wav
/Users/ykksfa/Keio_Univ_SFC/CCLab-XMusic/playlist/I Got You - DJcity Club Edit.wav,710.wav
/Users/ykksfa/Keio_Univ_SFC/CCLab-XMusic/playlist/Just Dance - Flipside Found You Bootleg.wav,711.wav
/Users/ykksfa/Keio_Univ_SFC/CCLab-XMusic/playlist/Divine Sorrow (feat. Avicii) [Yuga Edit].wav,712.wav
/Users/ykksfa/Keio_Univ_SFC/CCLab-XMusic/playlist/01 U & Me (feat. Evangelia) [EXTENDED].wav,713.wav
/Users/ykksfa/Keio_Univ_SFC/CCLab-XMusic/playlist/02 Million Miles (Raven & Kreyn Extended Remix).wav,714.wav
/Users/ykksfa/Keio_Univ_SFC/CCLab-XMusic/playlist/The King.wav,715.wav
/Users/ykksfa/Keio_Univ_SFC/CCLab-XMusic/playlist/01 Stupid (feat. Clara Sofie) [Extended Version].wav,716.wav
/Users/ykksfa/Keio_Univ_SFC/CCLab-XMusic/playlist/My Heart Will Go Calling On Gaye (Vincenzo Caira Mash Up Mix).wav,717.wav
/Users/ykksfa/Keio_Univ_SFC/CCLab-XMusic/playlist/Promises vs. Nobody Else (Sweeet Re-Bootleg).wav,718.wav
/Users/ykksfa/Keio_Univ_SFC/CCLab-XMusic/playlist/All In My Head (Intro).wav,719.wav
/Users/ykksfa/Keio_Univ_SFC/CCLab-XMusic/playlist/04 Blackbird (feat. Jake Reese) [Calvo Extended Remix].wav,720.wav
/Users/ykksfa/Keio_Univ_SFC/CCLab-XMusic/playlist/After Booty (FRAME Mashup).wav,721.wav
/Users/ykksfa/Keio_Univ_SFC/CCLab-XMusic/playlist/02 Say Something (RetroVision Remix).wav,722.wav
/Users/ykksfa/Keio_Univ_SFC/CCLab-XMusic/playlist/Colors (Original Mix).wav,723.wav
/Users/ykksfa/Keio_Univ_SFC/CCLab-XMusic/playlist/02 AnyTime (Extended Mix).wav,724.wav
/Users/ykksfa/Keio_Univ_SFC/CCLab-XMusic/playlist/Humble. (Intro - Dirty).wav,725.wav
/Users/ykksfa/Keio_Univ_SFC/CCLab-XMusic/playlist/Don't Look Down (Intro).wav,726.wav
/Users/ykksfa/Keio_Univ_SFC/CCLab-XMusic/playlist/Party (Intro - Dirty).wav,727.wav
/Users/ykksfa/Keio_Univ_SFC/CCLab-XMusic/playlist/Hear Me Calling (Dirty).wav,728.wav
/Users/ykksfa/Keio_Univ_SFC/CCLab-XMusic/playlist/Atom.wav,729.wav
/Users/ykksfa/Keio_Univ_SFC/CCLab-XMusic/playlist/Cinematic (DJ DoiDoi Short Edit).wav,730.wav
/Users/ykksfa/Keio_Univ_SFC/CCLab-XMusic/playlist/Rescue Me.wav,731.wav
/Users/ykksfa/Keio_Univ_SFC/CCLab-XMusic/playlist/Pizza vs. You Got The Love vs. I Wanna Dance With Somebody (WeDamnz Mashup).wav,732.wav
/Users/ykksfa/Keio_Univ_SFC/CCLab-XMusic/playlist/01 Keeping Your Head Up (Don Diablo Remix) [Radio Edit].wav,733.wav
/Users/ykksfa/Keio_Univ_SFC/CCLab-XMusic/playlist/15 Stardust (Extended Mix) [V].wav,734.wav
/Users/ykksfa/Keio_Univ_SFC/CCLab-XMusic/playlist/Closer - Danny Dove & Nathan C Remix.wav,735.wav
/Users/ykksfa/Keio_Univ_SFC/CCLab-XMusic/playlist/01 Don't Hurt (feat. Brēzy) [Extended Mix] 1.wav,736.wav
/Users/ykksfa/Keio_Univ_SFC/CCLab-XMusic/playlist/Roll The Dice (Dirty).wav,737.wav
/Users/ykksfa/Keio_Univ_SFC/CCLab-XMusic/playlist/Let Me Love You (Until You Learn To Love Yourself) - DJ Smerk Golden Pineapple Bootleg.wav,738.wav
/Users/ykksfa/Keio_Univ_SFC/CCLab-XMusic/playlist/Starlight (Could You Be Mine) - Otto Knows Remix.wav,739.wav
/Users/ykksfa/Keio_Univ_SFC/CCLab-XMusic/playlist/01 Live Love Learn (Extended Mix).wav,740.wav
/Users/ykksfa/Keio_Univ_SFC/CCLab-XMusic/playlist/19 Every Teardrop Is A Waterfall.wav,741.wav
/Users/ykksfa/Keio_Univ_SFC/CCLab-XMusic/playlist/Don't You Worry Child (Clean).wav,742.wav
/Users/ykksfa/Keio_Univ_SFC/CCLab-XMusic/playlist/10K Magic (Original Mix).wav,743.wav
/Users/ykksfa/Keio_Univ_SFC/CCLab-XMusic/playlist/Fast (Dirty).wav,744.wav
/Users/ykksfa/Keio_Univ_SFC/CCLab-XMusic/playlist/Feels Like Summer (Intro).wav,745.wav
/Users/ykksfa/Keio_Univ_SFC/CCLab-XMusic/playlist/09 Empire State Of Mind.wav,746.wav
/Users/ykksfa/Keio_Univ_SFC/CCLab-XMusic/playlist/Heroes (Intro).wav,747.wav
/Users/ykksfa/Keio_Univ_SFC/CCLab-XMusic/playlist/(Intro) Feel Good [Crankdat].wav,748.wav
/Users/ykksfa/Keio_Univ_SFC/CCLab-XMusic/playlist/If I Can't Have You - Kahikko & Ez Quew Remix.wav,749.wav
/Users/ykksfa/Keio_Univ_SFC/CCLab-XMusic/playlist/Dreams (Dirty).wav,750.wav
/Users/ykksfa/Keio_Univ_SFC/CCLab-XMusic/playlist/This Is How We Roll Remix.wav,751.wav
/Users/ykksfa/Keio_Univ_SFC/CCLab-XMusic/playlist/By The Way x Momentum (DJ SINCLAIR MASHUP).wav,752.wav
/Users/ykksfa/Keio_Univ_SFC/CCLab-XMusic/playlist/Sunflower Remix.wav,753.wav
/Users/ykksfa/Keio_Univ_SFC/CCLab-XMusic/playlist/Girls (Intro).wav,754.wav
/Users/ykksfa/Keio_Univ_SFC/CCLab-XMusic/playlist/Leaving You (Clean).wav,755.wav
/Users/ykksfa/Keio_Univ_SFC/CCLab-XMusic/playlist/This Is What It Feels Like - Audien Remix.wav,756.wav
/Users/ykksfa/Keio_Univ_SFC/CCLab-XMusic/playlist/01 Take Me Higher (Extended Version).wav,757.wav
/Users/ykksfa/Keio_Univ_SFC/CCLab-XMusic/playlist/Way Back Home (coconutt Remix).wav,758.wav
/Users/ykksfa/Keio_Univ_SFC/CCLab-XMusic/playlist/02 Annihilate (Extended Mix).wav,759.wav
/Users/ykksfa/Keio_Univ_SFC/CCLab-XMusic/playlist/Bombai.wav,760.wav
/Users/ykksfa/Keio_Univ_SFC/CCLab-XMusic/playlist/Vossi Bop (Intro - Dirty).wav,761.wav
/Users/ykksfa/Keio_Univ_SFC/CCLab-XMusic/playlist/11 Sensational (King Arthur Remix).wav,762.wav
/Users/ykksfa/Keio_Univ_SFC/CCLab-XMusic/playlist/02 Be My Lover (Toby Green Extended Remix) 1.wav,763.wav
/Users/ykksfa/Keio_Univ_SFC/CCLab-XMusic/playlist/01 Miracle (Extended Version).wav,764.wav
/Users/ykksfa/Keio_Univ_SFC/CCLab-XMusic/playlist/Can We Prentend Tonight (Fresh Kiwi Smashup).wav,765.wav
/Users/ykksfa/Keio_Univ_SFC/CCLab-XMusic/playlist/How Long - Throttle Remix.wav,766.wav
/Users/ykksfa/Keio_Univ_SFC/CCLab-XMusic/playlist/01 Tomorrow Never Comes (feat. Bryan Finlay) 1.wav,767.wav
/Users/ykksfa/Keio_Univ_SFC/CCLab-XMusic/playlist/01 Like This.wav,768.wav
/Users/ykksfa/Keio_Univ_SFC/CCLab-XMusic/playlist/07 High and Low (feat. Joshua Radin) [Breathe Carolina Remix].wav,769.wav
/Users/ykksfa/Keio_Univ_SFC/CCLab-XMusic/playlist/Find A Way (Extended Mix).wav,770.wav
/Users/ykksfa/Keio_Univ_SFC/CCLab-XMusic/playlist/01 SICC.wav,771.wav
/Users/ykksfa/Keio_Univ_SFC/CCLab-XMusic/playlist/Peppermint.wav,772.wav
/Users/ykksfa/Keio_Univ_SFC/CCLab-XMusic/playlist/09 The Wave (Thomas Gold Remix Edit).wav,773.wav
/Users/ykksfa/Keio_Univ_SFC/CCLab-XMusic/playlist/Discovery.wav,774.wav
/Users/ykksfa/Keio_Univ_SFC/CCLab-XMusic/playlist/Birthday (Dirty).wav,775.wav
/Users/ykksfa/Keio_Univ_SFC/CCLab-XMusic/playlist/Wasted (Dirty).wav,776.wav
/Users/ykksfa/Keio_Univ_SFC/CCLab-XMusic/playlist/Congratulations (Intro - Dirty).wav,777.wav
/Users/ykksfa/Keio_Univ_SFC/CCLab-XMusic/playlist/Bambini vs. Rise.wav,778.wav
/Users/ykksfa/Keio_Univ_SFC/CCLab-XMusic/playlist/Baewatch (Intro).wav,779.wav
/Users/ykksfa/Keio_Univ_SFC/CCLab-XMusic/playlist/01 Bunnydance (Original Mix).wav,780.wav
/Users/ykksfa/Keio_Univ_SFC/CCLab-XMusic/playlist/Name Of Fellow Feeling.wav,781.wav
/Users/ykksfa/Keio_Univ_SFC/CCLab-XMusic/playlist/Outside - Oliver Heldens Remix.wav,782.wav
/Users/ykksfa/Keio_Univ_SFC/CCLab-XMusic/playlist/What A Night (Intro - Clean).wav,783.wav
/Users/ykksfa/Keio_Univ_SFC/CCLab-XMusic/playlist/01 Thing for You (Don Diablo Remix).wav,784.wav
/Users/ykksfa/Keio_Univ_SFC/CCLab-XMusic/playlist/01 Wanna Know Your Name (Extended Version).wav,785.wav
/Users/ykksfa/Keio_Univ_SFC/CCLab-XMusic/playlist/1-01 Good Grief vs. Fade Into Darkness (Don Diablo ReHex) (Whaler Reboot).wav,786.wav
/Users/ykksfa/Keio_Univ_SFC/CCLab-XMusic/playlist/02 Rabbit Hole (Extended Version).wav,787.wav
/Users/ykksfa/Keio_Univ_SFC/CCLab-XMusic/playlist/Touch Me - Throttle Remix.wav,788.wav
/Users/ykksfa/Keio_Univ_SFC/CCLab-XMusic/playlist/Lions In The Wild.wav,789.wav
/Users/ykksfa/Keio_Univ_SFC/CCLab-XMusic/playlist/01 Stop.wav,790.wav
/Users/ykksfa/Keio_Univ_SFC/CCLab-XMusic/playlist/Goodbyes (Intro - Dirty).wav,791.wav
/Users/ykksfa/Keio_Univ_SFC/CCLab-XMusic/playlist/Lonely Together - Dirty Werk & Country Club Martini Crew Remix.wav,792.wav
/Users/ykksfa/Keio_Univ_SFC/CCLab-XMusic/playlist/Youngblood - Lodato Anywhere Bootleg.wav,793.wav
/Users/ykksfa/Keio_Univ_SFC/CCLab-XMusic/playlist/No Sleep.wav,794.wav
/Users/ykksfa/Keio_Univ_SFC/CCLab-XMusic/playlist/01 Speechless (feat. Erika Sirola) [MOTi Remix].wav,795.wav
/Users/ykksfa/Keio_Univ_SFC/CCLab-XMusic/playlist/When You're Gone.wav,796.wav
/Users/ykksfa/Keio_Univ_SFC/CCLab-XMusic/playlist/American Dream.wav,797.wav
/Users/ykksfa/Keio_Univ_SFC/CCLab-XMusic/playlist/Take Me Away.wav,798.wav
/Users/ykksfa/Keio_Univ_SFC/CCLab-XMusic/playlist/Dreamer - Jack Wins Remix.wav,799.wav
/Users/ykksfa/Keio_Univ_SFC/CCLab-XMusic/playlist/Jealous (Dirty).wav,800.wav
/Users/ykksfa/Keio_Univ_SFC/CCLab-XMusic/playlist/Sixteen - Don Diablo Remix.wav,801.wav
/Users/ykksfa/Keio_Univ_SFC/CCLab-XMusic/playlist/You Don't Know Slinky (FRAMEDIT).wav,802.wav
/Users/ykksfa/Keio_Univ_SFC/CCLab-XMusic/playlist/Brave - Don Diablo VIP Mix.wav,803.wav
/Users/ykksfa/Keio_Univ_SFC/CCLab-XMusic/playlist/King (Merk & Kremont remix).wav,804.wav
/Users/ykksfa/Keio_Univ_SFC/CCLab-XMusic/playlist/02 Lunar (Extended Mix).wav,805.wav
/Users/ykksfa/Keio_Univ_SFC/CCLab-XMusic/playlist/Feel The Music.wav,806.wav
/Users/ykksfa/Keio_Univ_SFC/CCLab-XMusic/playlist/New York City (Hellberg Remix).wav,807.wav
/Users/ykksfa/Keio_Univ_SFC/CCLab-XMusic/playlist/02 Never Letting Go (Extended Mix).wav,808.wav
/Users/ykksfa/Keio_Univ_SFC/CCLab-XMusic/playlist/In My Head - Matisse & Sadko Remix.wav,809.wav
/Users/ykksfa/Keio_Univ_SFC/CCLab-XMusic/playlist/Kids In Love - Don Diablo Remix.wav,810.wav
/Users/ykksfa/Keio_Univ_SFC/CCLab-XMusic/playlist/Selfish (Intro - Dirty).wav,811.wav
/Users/ykksfa/Keio_Univ_SFC/CCLab-XMusic/playlist/Fall Apart.wav,812.wav
/Users/ykksfa/Keio_Univ_SFC/CCLab-XMusic/playlist/10 Beautiful Gials.wav,813.wav
/Users/ykksfa/Keio_Univ_SFC/CCLab-XMusic/playlist/I Don't Belong In This Club - Fraze Remix (Dirty).wav,814.wav
/Users/ykksfa/Keio_Univ_SFC/CCLab-XMusic/playlist/01 Next to Me.wav,815.wav
/Users/ykksfa/Keio_Univ_SFC/CCLab-XMusic/playlist/Nothin' Like Me (Intro - Dirty).wav,816.wav
/Users/ykksfa/Keio_Univ_SFC/CCLab-XMusic/playlist/Open Road (Panda Bounce Mix) [Extended Mix].wav,817.wav
/Users/ykksfa/Keio_Univ_SFC/CCLab-XMusic/playlist/Getting Loose (Dirty).wav,818.wav
/Users/ykksfa/Keio_Univ_SFC/CCLab-XMusic/playlist/Silhouettes - Lowderz Remix.wav,819.wav
/Users/ykksfa/Keio_Univ_SFC/CCLab-XMusic/playlist/High End (Intro - Dirty).wav,820.wav
/Users/ykksfa/Keio_Univ_SFC/CCLab-XMusic/playlist/New World Sound (Yuga Extended Edit).wav,821.wav
/Users/ykksfa/Keio_Univ_SFC/CCLab-XMusic/playlist/Homicide (Intro - Dirty).wav,822.wav
/Users/ykksfa/Keio_Univ_SFC/CCLab-XMusic/playlist/Doomsday.wav,823.wav
/Users/ykksfa/Keio_Univ_SFC/CCLab-XMusic/playlist/Adventure Of A Lifetime - Audien Remix (Clean).wav,824.wav
/Users/ykksfa/Keio_Univ_SFC/CCLab-XMusic/playlist/Work From Home (Brooks Remix).wav,825.wav
/Users/ykksfa/Keio_Univ_SFC/CCLab-XMusic/playlist/Wolves - Ryan Enzed Remix.wav,826.wav
/Users/ykksfa/Keio_Univ_SFC/CCLab-XMusic/playlist/King's Dead (Intro - Dirty).wav,827.wav
/Users/ykksfa/Keio_Univ_SFC/CCLab-XMusic/playlist/Jetlag - Tall Boys Club Edit.wav,828.wav
/Users/ykksfa/Keio_Univ_SFC/CCLab-XMusic/playlist/BAD! (Intro).wav,829.wav
/Users/ykksfa/Keio_Univ_SFC/CCLab-XMusic/playlist/Fire In My Soul.wav,830.wav
/Users/ykksfa/Keio_Univ_SFC/CCLab-XMusic/playlist/Nice For What (Intro - Dirty).wav,831.wav
/Users/ykksfa/Keio_Univ_SFC/CCLab-XMusic/playlist/Let Me Love You - Tall Boys Hook First Edit.wav,832.wav
/Users/ykksfa/Keio_Univ_SFC/CCLab-XMusic/playlist/01 Hourglass _ Spectrum _ Beautiful Now (Half Shark Re-MashUp).wav,833.wav
/Users/ykksfa/Keio_Univ_SFC/CCLab-XMusic/playlist/Tomorrow Never Comes (Original Mix).wav,834.wav
/Users/ykksfa/Keio_Univ_SFC/CCLab-XMusic/playlist/06 Rebel Yell (Jack Wins Extended Mix).wav,835.wav
/Users/ykksfa/Keio_Univ_SFC/CCLab-XMusic/playlist/Let Me Love You - Don Diablo Remix.wav,836.wav
/Users/ykksfa/Keio_Univ_SFC/CCLab-XMusic/playlist/High Beams (Dirty).wav,837.wav
/Users/ykksfa/Keio_Univ_SFC/CCLab-XMusic/playlist/Wait For You - VIP Mix - DJcity Club Edit.wav,838.wav
/Users/ykksfa/Keio_Univ_SFC/CCLab-XMusic/playlist/Die Young - Tall Boys Take It Closer Bootleg.wav,839.wav
/Users/ykksfa/Keio_Univ_SFC/CCLab-XMusic/playlist/Shuffle Shuttle.wav,840.wav
/Users/ykksfa/Keio_Univ_SFC/CCLab-XMusic/playlist/16 Scared To Be Lonely (Brooks Remix).wav,841.wav
/Users/ykksfa/Keio_Univ_SFC/CCLab-XMusic/playlist/What Do You Mean vs Theme O (JUNI Mashup).wav,842.wav
/Users/ykksfa/Keio_Univ_SFC/CCLab-XMusic/playlist/02 Running Wild (feat. PollyAnna) [Extended Mix] 1.wav,843.wav
/Users/ykksfa/Keio_Univ_SFC/CCLab-XMusic/playlist/Runaway (U & I).wav,844.wav
/Users/ykksfa/Keio_Univ_SFC/CCLab-XMusic/playlist/Waiting.wav,845.wav
/Users/ykksfa/Keio_Univ_SFC/CCLab-XMusic/playlist/Ride Wit Me - DJcity Throwback Edit (Intro - Dirty).wav,846.wav
/Users/ykksfa/Keio_Univ_SFC/CCLab-XMusic/playlist/03 Don't Give up on Me (feat. Josh Cumbee) [Extended Club Mix].wav,847.wav
/Users/ykksfa/Keio_Univ_SFC/CCLab-XMusic/playlist/16 Euphoria (Swedish House Mafia Extended Dub).wav,848.wav
/Users/ykksfa/Keio_Univ_SFC/CCLab-XMusic/playlist/Thing For You - Don Diablo Remix (Intro - Dirty).wav,849.wav
/Users/ykksfa/Keio_Univ_SFC/CCLab-XMusic/playlist/Stranger (Extended Mix).wav,850.wav
/Users/ykksfa/Keio_Univ_SFC/CCLab-XMusic/playlist/01 King Of My Castle vs. SOS vs. Sky Full Of Stars (WeDamnz Mashup).wav,851.wav
/Users/ykksfa/Keio_Univ_SFC/CCLab-XMusic/playlist/Crashing - Country Club Martini Crew Remix.wav,852.wav
/Users/ykksfa/Keio_Univ_SFC/CCLab-XMusic/playlist/12 Sensational (Zonderling Extended Remix).wav,853.wav
/Users/ykksfa/Keio_Univ_SFC/CCLab-XMusic/playlist/Rhythm Is A Dancer - Tall Boys Club Edit.wav,854.wav
/Users/ykksfa/Keio_Univ_SFC/CCLab-XMusic/playlist/Cutting Shapes - DJ Primetyme Club Edit.wav,855.wav
/Users/ykksfa/Keio_Univ_SFC/CCLab-XMusic/playlist/You Stay (Dirty).wav,856.wav
/Users/ykksfa/Keio_Univ_SFC/CCLab-XMusic/playlist/Post Malone (Pharien Extended Remix).wav,857.wav
/Users/ykksfa/Keio_Univ_SFC/CCLab-XMusic/playlist/Medicine Man (Intro - Dirty).wav,858.wav
/Users/ykksfa/Keio_Univ_SFC/CCLab-XMusic/playlist/01 Trump It (Extended Mix).wav,859.wav
/Users/ykksfa/Keio_Univ_SFC/CCLab-XMusic/playlist/02 By Your Side (feat. RAYE) [Madison Mars Remix].wav,860.wav
/Users/ykksfa/Keio_Univ_SFC/CCLab-XMusic/playlist/02 Made for Us (feat. Gigi) [Extended Mix] 1.wav,861.wav
/Users/ykksfa/Keio_Univ_SFC/CCLab-XMusic/playlist/I Want It That Way (Dave Mak Remix).wav,862.wav
/Users/ykksfa/Keio_Univ_SFC/CCLab-XMusic/playlist/I See Light In You (feat. Faye Medeson).wav,863.wav
/Users/ykksfa/Keio_Univ_SFC/CCLab-XMusic/playlist/Sweet But Rise Speechless (OT vs. Wedamnz Mashup Yuga Edit).wav,864.wav
/Users/ykksfa/Keio_Univ_SFC/CCLab-XMusic/playlist/01 Find You (feat. Matthew Koma & Miriam Bryant) [Kevin Drew Remix].wav,865.wav
/Users/ykksfa/Keio_Univ_SFC/CCLab-XMusic/playlist/02 Save Me (Extended Mix) 1.wav,866.wav
/Users/ykksfa/Keio_Univ_SFC/CCLab-XMusic/playlist/01 All In.wav,867.wav
/Users/ykksfa/Keio_Univ_SFC/CCLab-XMusic/playlist/Giant - Audien Remix.wav,868.wav
/Users/ykksfa/Keio_Univ_SFC/CCLab-XMusic/playlist/Trippin Baby (Dirty).wav,869.wav
/Users/ykksfa/Keio_Univ_SFC/CCLab-XMusic/playlist/Puzzle VIP.wav,870.wav
/Users/ykksfa/Keio_Univ_SFC/CCLab-XMusic/playlist/God's Plan (Intro - Dirty).wav,871.wav
/Users/ykksfa/Keio_Univ_SFC/CCLab-XMusic/playlist/Figure It Alone (Yuga Mashup).wav,872.wav
/Users/ykksfa/Keio_Univ_SFC/CCLab-XMusic/playlist/01 Waiting For Your Love (Extended Edit).wav,873.wav
/Users/ykksfa/Keio_Univ_SFC/CCLab-XMusic/playlist/Beat It Koala (Sammy Boyle verse Arthur Lewis Mashup).wav,874.wav
/Users/ykksfa/Keio_Univ_SFC/CCLab-XMusic/playlist/Attention (Intro - Dirty).wav,875.wav
/Users/ykksfa/Keio_Univ_SFC/CCLab-XMusic/playlist/Over Again (feat. Micah Martin).wav,876.wav
/Users/ykksfa/Keio_Univ_SFC/CCLab-XMusic/playlist/Sexy Gal (Intro).wav,877.wav
/Users/ykksfa/Keio_Univ_SFC/CCLab-XMusic/playlist/01 Switch That (Extended Mix).wav,878.wav
/Users/ykksfa/Keio_Univ_SFC/CCLab-XMusic/playlist/Public Service Announcement - DJ GerryJoseph Come Home Blend (Intro - Dirty).wav,879.wav
/Users/ykksfa/Keio_Univ_SFC/CCLab-XMusic/playlist/Waves vs. Calling (Fahren Maashup).wav,880.wav
/Users/ykksfa/Keio_Univ_SFC/CCLab-XMusic/playlist/Summer Days - Tiesto Remix.wav,881.wav
/Users/ykksfa/Keio_Univ_SFC/CCLab-XMusic/playlist/01 Pizza 1.wav,882.wav
/Users/ykksfa/Keio_Univ_SFC/CCLab-XMusic/playlist/Save The World.wav,883.wav
/Users/ykksfa/Keio_Univ_SFC/CCLab-XMusic/playlist/05 With You (feat. Emelie Cyréus) [Progressive Extended Mix] 1.wav,884.wav
/Users/ykksfa/Keio_Univ_SFC/CCLab-XMusic/playlist/ONE MORE TIME (Zedd Remix) (SIMON  Remake) BUY=Download.wav,885.wav
/Users/ykksfa/Keio_Univ_SFC/CCLab-XMusic/playlist/Happier - Romi Lux Remix.wav,886.wav
/Users/ykksfa/Keio_Univ_SFC/CCLab-XMusic/playlist/03 Feather (feat. Finn Askew) [Mo Falk Remix].wav,887.wav
/Users/ykksfa/Keio_Univ_SFC/CCLab-XMusic/playlist/04 Belong(Axwell & Years Remode) 1.wav,888.wav
/Users/ykksfa/Keio_Univ_SFC/CCLab-XMusic/playlist/Playboy Style (Intro - Dirty).wav,889.wav
/Users/ykksfa/Keio_Univ_SFC/CCLab-XMusic/playlist/08 Just Dropped In (My Condition) [feat. Joe Cleere] [Mesto Remix] 1.wav,890.wav
/Users/ykksfa/Keio_Univ_SFC/CCLab-XMusic/playlist/Live For The Night (W&W Remix).wav,891.wav
/Users/ykksfa/Keio_Univ_SFC/CCLab-XMusic/playlist/You Got The Love - DJcity Club Edit.wav,892.wav
/Users/ykksfa/Keio_Univ_SFC/CCLab-XMusic/playlist/All Your Love.wav,893.wav
/Users/ykksfa/Keio_Univ_SFC/CCLab-XMusic/playlist/Through My Mind.wav,894.wav
/Users/ykksfa/Keio_Univ_SFC/CCLab-XMusic/playlist/Lonely - Jack Wins Remix.wav,895.wav
/Users/ykksfa/Keio_Univ_SFC/CCLab-XMusic/playlist/Stay The Night (Extended Mix)(DJ DoiDoi Edit).wav,896.wav
/Users/ykksfa/Keio_Univ_SFC/CCLab-XMusic/playlist/Symphony (BKID Remix).wav,897.wav
/Users/ykksfa/Keio_Univ_SFC/CCLab-XMusic/playlist/Fellow Feeling (Yuga Edit).wav,898.wav
/Users/ykksfa/Keio_Univ_SFC/CCLab-XMusic/playlist/Guatemala (Intro - Dirty).wav,899.wav
/Users/ykksfa/Keio_Univ_SFC/CCLab-XMusic/playlist/Pillow Fight.wav,900.wav
/Users/ykksfa/Keio_Univ_SFC/CCLab-XMusic/playlist/Stay (Kahikko & Jespr Remix).wav,901.wav
/Users/ykksfa/Keio_Univ_SFC/CCLab-XMusic/playlist/Heat (Intro - Dirty).wav,902.wav
/Users/ykksfa/Keio_Univ_SFC/CCLab-XMusic/playlist/01 We Are Love (Extended Version).wav,903.wav
/Users/ykksfa/Keio_Univ_SFC/CCLab-XMusic/playlist/Me against the world.wav,904.wav
/Users/ykksfa/Keio_Univ_SFC/CCLab-XMusic/playlist/Satisfied - Mesto Future House Bootleg.wav,905.wav
/Users/ykksfa/Keio_Univ_SFC/CCLab-XMusic/playlist/01 Nobody Like You (Retrovision Flip).wav,906.wav
/Users/ykksfa/Keio_Univ_SFC/CCLab-XMusic/playlist/Happy Now - R3hab Remix.wav,907.wav
/Users/ykksfa/Keio_Univ_SFC/CCLab-XMusic/playlist/01 The G.O.A.T. vs. Low (WeDamnz Mashup).wav,908.wav
/Users/ykksfa/Keio_Univ_SFC/CCLab-XMusic/playlist/Lean On feat. MØ (Jacky Greco Remix).wav,909.wav
/Users/ykksfa/Keio_Univ_SFC/CCLab-XMusic/playlist/01 Bring The House (Extended Mix).wav,910.wav
/Users/ykksfa/Keio_Univ_SFC/CCLab-XMusic/playlist/07 Rebel Yell (Djs from Mars Club Mix).wav,911.wav
/Users/ykksfa/Keio_Univ_SFC/CCLab-XMusic/playlist/01 Believe (feat. Bright Lights).wav,912.wav
/Users/ykksfa/Keio_Univ_SFC/CCLab-XMusic/playlist/Wine It (Intro).wav,913.wav
/Users/ykksfa/Keio_Univ_SFC/CCLab-XMusic/playlist/02 Earthquake (Extended Mix).wav,914.wav
/Users/ykksfa/Keio_Univ_SFC/CCLab-XMusic/playlist/Turn It Up (Intro - Dirty).wav,915.wav
/Users/ykksfa/Keio_Univ_SFC/CCLab-XMusic/playlist/01 Breaking Me (RetroVision Remix _ Extended Mix).wav,916.wav
/Users/ykksfa/Keio_Univ_SFC/CCLab-XMusic/playlist/Cutting Colors (Kyco Mashup).wav,917.wav
/Users/ykksfa/Keio_Univ_SFC/CCLab-XMusic/playlist/Feel Alive vs. Seek Bromance (DA3EL Mashup).wav,918.wav
/Users/ykksfa/Keio_Univ_SFC/CCLab-XMusic/playlist/04 You (Still Young Remix).wav,919.wav
/Users/ykksfa/Keio_Univ_SFC/CCLab-XMusic/playlist/Racks On Racks (Intro - Dirty).wav,920.wav
/Users/ykksfa/Keio_Univ_SFC/CCLab-XMusic/playlist/01 Señorita vs. Turn Me On (WeDamnz Mashup).wav,921.wav
/Users/ykksfa/Keio_Univ_SFC/CCLab-XMusic/playlist/No Brainer (Intro - Dirty).wav,922.wav
/Users/ykksfa/Keio_Univ_SFC/CCLab-XMusic/playlist/No Guidance (Intro - Dirty).wav,923.wav
/Users/ykksfa/Keio_Univ_SFC/CCLab-XMusic/playlist/Open Road (Andy Jarvis Extended Remix).wav,924.wav
/Users/ykksfa/Keio_Univ_SFC/CCLab-XMusic/playlist/I'm The One (Intro - Dirty).wav,925.wav
/Users/ykksfa/Keio_Univ_SFC/CCLab-XMusic/playlist/Your Love.wav,926.wav
/Users/ykksfa/Keio_Univ_SFC/CCLab-XMusic/playlist/Buzzin' - 50 Cent Remix (Intro - Dirty).wav,927.wav
/Users/ykksfa/Keio_Univ_SFC/CCLab-XMusic/playlist/01 What You Want (Extended Version).wav,928.wav
/Users/ykksfa/Keio_Univ_SFC/CCLab-XMusic/playlist/Panda Bounce.wav,929.wav
/Users/ykksfa/Keio_Univ_SFC/CCLab-XMusic/playlist/Oh Yes (Rockin' With The Best).wav,930.wav
/Users/ykksfa/Keio_Univ_SFC/CCLab-XMusic/playlist/Save A Little Love - DJ Primetyme Club Edit.wav,931.wav
/Users/ykksfa/Keio_Univ_SFC/CCLab-XMusic/playlist/Jetlag vs. I Love It (WeDamnz Mashup).wav,932.wav
/Users/ykksfa/Keio_Univ_SFC/CCLab-XMusic/playlist/What About Us - Cash Cash Remix.wav,933.wav
/Users/ykksfa/Keio_Univ_SFC/CCLab-XMusic/playlist/01 Midnight City vs. Paris vs. Feel Alive (WeDamnz Festival Mashup).wav,934.wav
/Users/ykksfa/Keio_Univ_SFC/CCLab-XMusic/playlist/How Many.wav,935.wav
/Users/ykksfa/Keio_Univ_SFC/CCLab-XMusic/playlist/Sweet & Sour.wav,936.wav
/Users/ykksfa/Keio_Univ_SFC/CCLab-XMusic/playlist/Selfish - Syn Cole Remix.wav,937.wav
/Users/ykksfa/Keio_Univ_SFC/CCLab-XMusic/playlist/Theme O Love Me A Little.wav,938.wav
